Date,Time,Open,High,Low,Close,Volume,OpenInt
2013-09-26,15:35:00,31.65,31.76,31.58,31.7099,1082123,0
2013-09-26,15:40:00,31.7,32,31.68,32,1156654,0
2013-09-26,15:45:00,31.99,32.05,31.8749,32.01,711537,0
2013-09-26,15:50:00,32.02,32.04,31.86,31.9175,428877,0
2013-09-26,15:55:00,31.915,31.99,31.89,31.97,709894,0
2013-09-26,16:00:00,31.96,32.08,31.96,32.0659,971111,0
2013-09-26,16:05:00,32.068,32.27,32.065,32.19,923811,0
2013-09-26,16:10:00,32.191,32.27,32.135,32.229,478835,0
2013-09-26,16:15:00,32.225,32.365,32.22,32.325,548747,0
2013-09-26,16:20:00,32.32,32.48,32.305,32.41,718168,0
2013-09-26,16:25:00,32.41,32.46,32.38,32.3999,701001,0
2013-09-26,16:30:00,32.3901,32.4,32.31,32.38,298289,0
2013-09-26,16:35:00,32.38,32.39,32.29,32.31,367131,0
2013-09-26,16:40:00,32.31,32.32,32.23,32.23,348348,0
2013-09-26,16:45:00,32.24,32.25,32.15,32.179,428665,0
2013-09-26,16:50:00,32.1701,32.21,32.11,32.15,499572,0
2013-09-26,16:55:00,32.155,32.17,32.14,32.155,340027,0
2013-09-26,17:00:00,32.1551,32.2,32.1522,32.195,217156,0
2013-09-26,17:05:00,32.2,32.2,32.14,32.155,236923,0
2013-09-26,17:10:00,32.15,32.1578,32.118,32.145,299246,0
2013-09-26,17:15:00,32.143,32.16,32.125,32.14,540002,0
2013-09-26,17:20:00,32.145,32.26,32.135,32.255,674889,0
2013-09-26,17:25:00,32.26,32.29,32.2349,32.2625,361752,0
2013-09-26,17:30:00,32.26,32.29,32.24,32.2688,525362,0
2013-09-26,17:35:00,32.26,32.34,32.26,32.28,349314,0
2013-09-26,17:40:00,32.29,32.35,32.29,32.321,191018,0
2013-09-26,17:45:00,32.3213,32.41,32.32,32.397,411592,0
2013-09-26,17:50:00,32.39,32.52,32.39,32.5001,601354,0
2013-09-26,17:55:00,32.5,32.57,32.5,32.565,441886,0
2013-09-26,18:00:00,32.57,32.66,32.56,32.62,410550,0
2013-09-26,18:05:00,32.62,32.95,32.6132,32.91,1390344,0
2013-09-26,18:10:00,32.9049,32.94,32.75,32.8,873550,0
2013-09-26,18:15:00,32.8,32.81,32.66,32.66,705838,0
2013-09-26,18:20:00,32.6699,32.86,32.65,32.7796,545745,0
2013-09-26,18:25:00,32.78,32.93,32.74,32.91,791187,0
2013-09-26,18:30:00,32.91,33,32.89,32.9499,807435,0
2013-09-26,18:35:00,32.94,32.95,32.84,32.92,697876,0
2013-09-26,18:40:00,32.9236,32.94,32.85,32.85,334574,0
2013-09-26,18:45:00,32.85,32.92,32.85,32.87,404825,0
2013-09-26,18:50:00,32.875,32.9,32.87,32.87,188738,0
2013-09-26,18:55:00,32.86,32.91,32.81,32.81,292228,0
2013-09-26,19:00:00,32.81,32.87,32.79,32.84,398861,0
2013-09-26,19:05:00,32.83,32.87,32.83,32.86,314640,0
2013-09-26,19:10:00,32.859,32.9,32.85,32.87,396997,0
2013-09-26,19:15:00,32.863,32.9,32.8597,32.8951,189091,0
2013-09-26,19:20:00,32.8999,32.9,32.84,32.85,183149,0
2013-09-26,19:25:00,32.84,32.88,32.84,32.873,434460,0
2013-09-26,19:30:00,32.88,32.95,32.87,32.95,274097,0
2013-09-26,19:35:00,32.945,32.95,32.77,32.77,588495,0
2013-09-26,19:40:00,32.77,32.78,32.66,32.699,452034,0
2013-09-26,19:45:00,32.69,32.73,32.68,32.695,498141,0
2013-09-26,19:50:00,32.695,32.73,32.68,32.7,375241,0
2013-09-26,19:55:00,32.7096,32.71,32.57,32.6022,503424,0
2013-09-26,20:00:00,32.605,32.67,32.6,32.635,170291,0
2013-09-26,20:05:00,32.64,32.67,32.61,32.63,648658,0
2013-09-26,20:10:00,32.6351,32.67,32.62,32.665,277934,0
2013-09-26,20:15:00,32.66,32.68,32.62,32.62,363934,0
2013-09-26,20:20:00,32.6299,32.65,32.62,32.645,116262,0
2013-09-26,20:25:00,32.63,32.6399,32.58,32.615,204757,0
2013-09-26,20:30:00,32.61,32.675,32.61,32.67,150292,0
2013-09-26,20:35:00,32.67,32.67,32.6,32.65,144814,0
2013-09-26,20:40:00,32.6494,32.66,32.63,32.645,140753,0
2013-09-26,20:45:00,32.6468,32.65,32.52,32.53,435152,0
2013-09-26,20:50:00,32.5368,32.56,32.41,32.46,534358,0
2013-09-26,20:55:00,32.46,32.51,32.42,32.4999,243414,0
2013-09-26,21:00:00,32.4901,32.59,32.49,32.57,214251,0
2013-09-26,21:05:00,32.57,32.57,32.525,32.5371,311121,0
2013-09-26,21:10:00,32.539,32.56,32.5,32.52,880842,0
2013-09-26,21:15:00,32.52,32.53,32.4,32.41,459417,0
2013-09-26,21:20:00,32.42,32.47,32.405,32.4699,434695,0
2013-09-26,21:25:00,32.465,32.52,32.46,32.49,321255,0
2013-09-26,21:30:00,32.51,32.56,32.5,32.517,363441,0
2013-09-26,21:35:00,32.51,32.56,32.5,32.55,245554,0
2013-09-26,21:40:00,32.5499,32.65,32.54,32.6093,658007,0
2013-09-26,21:45:00,32.61,32.685,32.6,32.6399,640536,0
2013-09-26,21:50:00,32.63,32.72,32.625,32.71,778187,0
2013-09-26,21:55:00,32.72,32.75,32.67,32.72,726476,0
2013-09-26,22:00:00,32.715,32.7701,32.68,32.75,1378156,0
2013-09-27,15:35:00,33.33,33.35,33,33.01,1775379,0
2013-09-27,15:40:00,33,33.198,32.76,33.1,1185532,0
2013-09-27,15:45:00,33.1,33.45,33.02,33.4465,1029810,0
2013-09-27,15:50:00,33.44,33.57,33.35,33.56,1323401,0
2013-09-27,15:55:00,33.555,33.85,33.54,33.82,1372584,0
2013-09-27,16:00:00,33.8199,33.8413,33.56,33.58,889132,0
2013-09-27,16:05:00,33.57,33.59,33.33,33.3301,806918,0
2013-09-27,16:10:00,33.331,33.58,33.29,33.525,705681,0
2013-09-27,16:15:00,33.52,33.55,33.417,33.5032,505073,0
2013-09-27,16:20:00,33.5,33.6,33.34,33.4471,527071,0
2013-09-27,16:25:00,33.44,33.51,33.4305,33.4686,322840,0
2013-09-27,16:30:00,33.465,33.47,33.34,33.34,342804,0
2013-09-27,16:35:00,33.34,33.36,33.22,33.23,835352,0
2013-09-27,16:40:00,33.235,33.27,33.09,33.1726,736484,0
2013-09-27,16:45:00,33.171,33.3,33.16,33.25,411448,0
2013-09-27,16:50:00,33.25,33.38,33.23,33.35,346055,0
2013-09-27,16:55:00,33.36,33.36,33.23,33.24,247179,0
2013-09-27,17:00:00,33.24,33.36,33.24,33.3399,268641,0
2013-09-27,17:05:00,33.3353,33.37,33.29,33.31,154592,0
2013-09-27,17:10:00,33.3,33.3099,33.12,33.12,332038,0
2013-09-27,17:15:00,33.13,33.31,33.11,33.3,361370,0
2013-09-27,17:20:00,33.3,33.32,33.26,33.29,400070,0
2013-09-27,17:25:00,33.28,33.3,33.27,33.2747,110559,0
2013-09-27,17:30:00,33.27,33.37,33.25,33.3453,206326,0
2013-09-27,17:35:00,33.3499,33.48,33.33,33.47,342342,0
2013-09-27,17:40:00,33.47,33.59,33.45,33.5047,441841,0
2013-09-27,17:45:00,33.5,33.54,33.45,33.53,225600,0
2013-09-27,17:50:00,33.53,33.638,33.53,33.62,483598,0
2013-09-27,17:55:00,33.62,33.71,33.5499,33.621,481948,0
2013-09-27,18:00:00,33.629,33.63,33.55,33.55,385036,0
2013-09-27,18:05:00,33.55,33.57,33.49,33.53,276029,0
2013-09-27,18:10:00,33.535,33.56,33.5199,33.5574,209870,0
2013-09-27,18:15:00,33.55,33.56,33.52,33.56,77790,0
2013-09-27,18:20:00,33.5593,33.6478,33.5593,33.64,222014,0
2013-09-27,18:25:00,33.6499,33.6899,33.6199,33.65,246821,0
2013-09-27,18:30:00,33.66,33.76,33.65,33.75,316981,0
2013-09-27,18:35:00,33.76,33.76,33.6502,33.6686,310799,0
2013-09-27,18:40:00,33.663,33.67,33.59,33.65,348174,0
2013-09-27,18:45:00,33.6499,33.65,33.6,33.6068,145659,0
2013-09-27,18:50:00,33.61,33.6279,33.59,33.597,249196,0
2013-09-27,18:55:00,33.6,33.61,33.59,33.6,131133,0
2013-09-27,19:00:00,33.61,33.63,33.6,33.6,133330,0
2013-09-27,19:05:00,33.605,33.61,33.53,33.5699,207705,0
2013-09-27,19:10:00,33.568,33.62,33.54,33.599,189801,0
2013-09-27,19:15:00,33.595,33.635,33.58,33.621,139740,0
2013-09-27,19:20:00,33.6201,33.71,33.62,33.69,180503,0
2013-09-27,19:25:00,33.69,33.695,33.66,33.6649,129143,0
2013-09-27,19:30:00,33.67,33.67,33.61,33.659,228028,0
2013-09-27,19:35:00,33.6533,33.68,33.65,33.67,151783,0
2013-09-27,19:40:00,33.661,33.67,33.65,33.65,161523,0
2013-09-27,19:45:00,33.66,33.66,33.65,33.6555,80443,0
2013-09-27,19:50:00,33.66,33.73,33.65,33.68,209785,0
2013-09-27,19:55:00,33.689,33.73,33.689,33.707,151440,0
2013-09-27,20:00:00,33.71,33.72,33.68,33.69,194928,0
2013-09-27,20:05:00,33.69,33.72,33.66,33.67,157694,0
2013-09-27,20:10:00,33.67,33.7,33.6218,33.6268,195047,0
2013-09-27,20:15:00,33.621,33.6267,33.59,33.599,194488,0
2013-09-27,20:20:00,33.59,33.59,33.55,33.5551,150910,0
2013-09-27,20:25:00,33.56,33.569,33.53,33.53,154955,0
2013-09-27,20:30:00,33.53,33.5399,33.46,33.47,311248,0
2013-09-27,20:35:00,33.469,33.52,33.439,33.4899,282086,0
2013-09-27,20:40:00,33.49,33.5,33.37,33.3832,280452,0
2013-09-27,20:45:00,33.387,33.45,33.385,33.415,247762,0
2013-09-27,20:50:00,33.41,33.47,33.4,33.4099,206066,0
2013-09-27,20:55:00,33.4,33.4001,33.33,33.335,210095,0
2013-09-27,21:00:00,33.339,33.35,33.25,33.26,584426,0
2013-09-27,21:05:00,33.26,33.29,33.2,33.208,278913,0
2013-09-27,21:10:00,33.2,33.22,33.14,33.16,348858,0
2013-09-27,21:15:00,33.16,33.27,33.15,33.23,359637,0
2013-09-27,21:20:00,33.227,33.27,33.22,33.25,203566,0
2013-09-27,21:25:00,33.255,33.3,33.25,33.2899,151630,0
2013-09-27,21:30:00,33.29,33.39,33.2899,33.39,256210,0
2013-09-27,21:35:00,33.39,33.4,33.36,33.39,303275,0
2013-09-27,21:40:00,33.3899,33.47,33.36,33.46,322392,0
2013-09-27,21:45:00,33.45,33.52,33.43,33.5,424815,0
2013-09-27,21:50:00,33.5,33.51,33.41,33.4184,488628,0
2013-09-27,21:55:00,33.415,33.58,33.415,33.559,643387,0
2013-09-27,22:00:00,33.555,33.6,33.53,33.55,2761036,0
2013-09-30,15:35:00,33.04,33.04,32.71,32.8835,926490,0
2013-09-30,15:40:00,32.88,33.03,32.74,32.9101,912845,0
2013-09-30,15:45:00,32.92,32.94,32.789,32.82,732617,0
2013-09-30,15:50:00,32.81,32.84,32.68,32.69,718113,0
2013-09-30,15:55:00,32.6901,32.95,32.69,32.9251,758008,0
2013-09-30,16:00:00,32.93,32.98,32.89,32.9,792888,0
2013-09-30,16:05:00,32.9001,33.02,32.9001,32.98,1009459,0
2013-09-30,16:10:00,32.97,33.17,32.96,33.062,521810,0
2013-09-30,16:15:00,33.07,33.23,33.07,33.1901,832783,0
2013-09-30,16:20:00,33.2,33.35,33.17,33.3,1003939,0
2013-09-30,16:25:00,33.299,33.379,33.27,33.3422,657691,0
2013-09-30,16:30:00,33.345,33.53,33.345,33.5,506279,0
2013-09-30,16:35:00,33.4968,33.53,33.35,33.39,386540,0
2013-09-30,16:40:00,33.39,33.5,33.38,33.465,303132,0
2013-09-30,16:45:00,33.47,33.5,33.44,33.48,273481,0
2013-09-30,16:50:00,33.4793,33.5,33.38,33.44,365171,0
2013-09-30,16:55:00,33.44,33.452,33.3449,33.379,331937,0
2013-09-30,17:00:00,33.37,33.37,33.28,33.34,281574,0
2013-09-30,17:05:00,33.34,33.39,33.21,33.333,395040,0
2013-09-30,17:10:00,33.33,33.393,33.31,33.32,148378,0
2013-09-30,17:15:00,33.321,33.33,33.26,33.26,134005,0
2013-09-30,17:20:00,33.2667,33.28,33.14,33.2184,297493,0
2013-09-30,17:25:00,33.21,33.29,33.21,33.22,202193,0
2013-09-30,17:30:00,33.2201,33.355,33.2101,33.32,369591,0
2013-09-30,17:35:00,33.323,33.425,33.32,33.39,336728,0
2013-09-30,17:40:00,33.39,33.44,33.35,33.44,157711,0
2013-09-30,17:45:00,33.44,33.5,33.42,33.49,239654,0
2013-09-30,17:50:00,33.499,33.5699,33.49,33.515,279703,0
2013-09-30,17:55:00,33.509,33.52,33.42,33.4375,226112,0
2013-09-30,18:00:00,33.44,33.67,33.41,33.67,402006,0
2013-09-30,18:05:00,33.67,33.75,33.62,33.6863,615184,0
2013-09-30,18:10:00,33.69,33.71,33.55,33.57,183536,0
2013-09-30,18:15:00,33.5698,33.6001,33.52,33.569,188958,0
2013-09-30,18:20:00,33.5551,33.5551,33.42,33.43,266707,0
2013-09-30,18:25:00,33.43,33.461,33.39,33.44,173407,0
2013-09-30,18:30:00,33.44,33.54,33.433,33.494,203006,0
2013-09-30,18:35:00,33.49,33.58,33.4601,33.5285,244684,0
2013-09-30,18:40:00,33.521,33.57,33.52,33.55,62186,0
2013-09-30,18:45:00,33.546,33.55,33.46,33.5449,169160,0
2013-09-30,18:50:00,33.55,33.59,33.53,33.55,116155,0
2013-09-30,18:55:00,33.557,33.557,33.4809,33.5,117563,0
2013-09-30,19:00:00,33.5,33.5,33.455,33.4732,89876,0
2013-09-30,19:05:00,33.48,33.57,33.47,33.523,136626,0
2013-09-30,19:10:00,33.527,33.55,33.48,33.48,189660,0
2013-09-30,19:15:00,33.47,33.49,33.43,33.43,135849,0
2013-09-30,19:20:00,33.42,33.57,33.42,33.54,197201,0
2013-09-30,19:25:00,33.55,33.55,33.44,33.4549,133320,0
2013-09-30,19:30:00,33.46,33.47,33.39,33.39,116321,0
2013-09-30,19:35:00,33.39,33.4953,33.39,33.49,160311,0
2013-09-30,19:40:00,33.485,33.52,33.3832,33.42,198776,0
2013-09-30,19:45:00,33.42,33.5,33.41,33.473,172161,0
2013-09-30,19:50:00,33.475,33.5,33.45,33.489,105010,0
2013-09-30,19:55:00,33.4899,33.49,33.45,33.4502,112237,0
2013-09-30,20:00:00,33.45,33.45,33.3775,33.39,209885,0
2013-09-30,20:05:00,33.39,33.41,33.31,33.35,221555,0
2013-09-30,20:10:00,33.34,33.38,33.275,33.38,190394,0
2013-09-30,20:15:00,33.39,33.39,33.34,33.3799,141239,0
2013-09-30,20:20:00,33.3799,33.38,33.31,33.315,115183,0
2013-09-30,20:25:00,33.31,33.319,33.25,33.28,194510,0
2013-09-30,20:30:00,33.28,33.33,33.28,33.2925,198364,0
2013-09-30,20:35:00,33.29,33.35,33.29,33.34,322527,0
2013-09-30,20:40:00,33.33,33.33,33.27,33.3,196913,0
2013-09-30,20:45:00,33.29,33.31,33.22,33.23,215285,0
2013-09-30,20:50:00,33.24,33.27,33.23,33.24,249587,0
2013-09-30,20:55:00,33.24,33.27,33.22,33.22,189736,0
2013-09-30,21:00:00,33.221,33.26,33.19,33.2,216464,0
2013-09-30,21:05:00,33.19,33.2,33.13,33.13,238562,0
2013-09-30,21:10:00,33.135,33.19,33.135,33.19,386887,0
2013-09-30,21:15:00,33.19,33.21,33.16,33.2,276575,0
2013-09-30,21:20:00,33.1901,33.2,33.14,33.1842,230696,0
2013-09-30,21:25:00,33.19,33.27,33.18,33.25,266363,0
2013-09-30,21:30:00,33.26,33.28,33.25,33.2649,224029,0
2013-09-30,21:35:00,33.26,33.28,33.25,33.25,275312,0
2013-09-30,21:40:00,33.26,33.2704,33.19,33.22,618327,0
2013-09-30,21:45:00,33.22,33.22,33.17,33.19,274515,0
2013-09-30,21:50:00,33.19,33.23,33.15,33.175,551028,0
2013-09-30,21:55:00,33.17,33.2,33.11,33.14,704390,0
2013-09-30,22:00:00,33.145,33.18,33.11,33.17,1907895,0
2013-10-01,15:35:00,33.33,33.47,33.33,33.36,1205811,0
2013-10-01,15:40:00,33.36,33.5,33.3,33.3201,801290,0
2013-10-01,15:45:00,33.325,33.5,33.32,33.43,816596,0
2013-10-01,15:50:00,33.44,33.5,33.38,33.48,577499,0
2013-10-01,15:55:00,33.48,33.73,33.42,33.71,834339,0
2013-10-01,16:00:00,33.71,33.75,33.57,33.62,1491235,0
2013-10-01,16:05:00,33.63,33.74,33.59,33.74,995679,0
2013-10-01,16:10:00,33.74,33.85,33.71,33.75,727040,0
2013-10-01,16:15:00,33.749,33.81,33.655,33.71,549082,0
2013-10-01,16:20:00,33.71,33.75,33.6029,33.6332,474836,0
2013-10-01,16:25:00,33.64,33.95,33.6371,33.88,889270,0
2013-10-01,16:30:00,33.87,33.93,33.7301,33.75,755425,0
2013-10-01,16:35:00,33.745,33.805,33.68,33.8,544084,0
2013-10-01,16:40:00,33.7971,33.8,33.75,33.78,273983,0
2013-10-01,16:45:00,33.777,33.8,33.72,33.74,258135,0
2013-10-01,16:50:00,33.73,33.79,33.73,33.7799,157005,0
2013-10-01,16:55:00,33.77,33.8,33.76,33.796,175681,0
2013-10-01,17:00:00,33.8,33.8,33.55,33.67,666559,0
2013-10-01,17:05:00,33.68,33.77,33.67,33.727,219598,0
2013-10-01,17:10:00,33.7251,33.78,33.72,33.75,191112,0
2013-10-01,17:15:00,33.75,33.81,33.743,33.77,187577,0
2013-10-01,17:20:00,33.77,33.81,33.72,33.79,249127,0
2013-10-01,17:25:00,33.7968,33.86,33.7935,33.8399,169378,0
2013-10-01,17:30:00,33.84,33.99,33.835,33.98,458256,0
2013-10-01,17:35:00,33.9899,34.09,33.96,33.99,742863,0
2013-10-01,17:40:00,33.99,34.07,33.97,34.0678,331895,0
2013-10-01,17:45:00,34.069,34.13,34.06,34.1,277186,0
2013-10-01,17:50:00,34.097,34.12,34.01,34.02,210122,0
2013-10-01,17:55:00,34.02,34.1,34.01,34.1,137828,0
2013-10-01,18:00:00,34.0984,34.14,34.09,34.095,276662,0
2013-10-01,18:05:00,34.09,34.14,34.02,34.1251,312464,0
2013-10-01,18:10:00,34.13,34.25,34.1201,34.2499,335619,0
2013-10-01,18:15:00,34.25,34.31,34.24,34.2768,276597,0
2013-10-01,18:20:00,34.27,34.2701,34.19,34.21,189392,0
2013-10-01,18:25:00,34.207,34.29,34.13,34.22,275287,0
2013-10-01,18:30:00,34.2249,34.2249,34.165,34.19,231526,0
2013-10-01,18:35:00,34.19,34.2,34.12,34.16,222839,0
2013-10-01,18:40:00,34.1522,34.16,34.05,34.065,283138,0
2013-10-01,18:45:00,34.07,34.2,34.05,34.2,225877,0
2013-10-01,18:50:00,34.2,34.21,34.1299,34.169,194023,0
2013-10-01,18:55:00,34.168,34.185,34.11,34.119,88712,0
2013-10-01,19:00:00,34.11,34.139,34.08,34.11,181921,0
2013-10-01,19:05:00,34.11,34.11,34.03,34.0765,144204,0
2013-10-01,19:10:00,34.08,34.14,34.07,34.13,107176,0
2013-10-01,19:15:00,34.1371,34.14,34.022,34.03,136936,0
2013-10-01,19:20:00,34.0268,34.08,34.01,34.08,195092,0
2013-10-01,19:25:00,34.07,34.077,34.02,34.03,117781,0
2013-10-01,19:30:00,34.035,34.1,34.01,34.079,151692,0
2013-10-01,19:35:00,34.08,34.15,34.075,34.13,121379,0
2013-10-01,19:40:00,34.1201,34.1277,34.07,34.07,85516,0
2013-10-01,19:45:00,34.08,34.14,34.075,34.1,85554,0
2013-10-01,19:50:00,34.1,34.11,34.06,34.061,81505,0
2013-10-01,19:55:00,34.06,34.11,34.06,34.1,68274,0
2013-10-01,20:00:00,34.1,34.11,34.08,34.087,110748,0
2013-10-01,20:05:00,34.09,34.11,34.07,34.07,133581,0
2013-10-01,20:10:00,34.07,34.08,34.06,34.0601,95999,0
2013-10-01,20:15:00,34.07,34.07,34.05,34.06,105557,0
2013-10-01,20:20:00,34.06,34.07,34,34.019,166230,0
2013-10-01,20:25:00,34.02,34.05,34.005,34.013,174155,0
2013-10-01,20:30:00,34.01,34.02,33.93,33.9301,286975,0
2013-10-01,20:35:00,33.94,34,33.9199,33.99,201317,0
2013-10-01,20:40:00,33.98,34,33.95,33.9775,157636,0
2013-10-01,20:45:00,33.971,34.02,33.971,33.9982,328452,0
2013-10-01,20:50:00,34,34.04,33.97,34.035,212131,0
2013-10-01,20:55:00,34.035,34.035,34,34.02,125448,0
2013-10-01,21:00:00,34.03,34.07,33.985,34.0696,202419,0
2013-10-01,21:05:00,34.06,34.1,34.03,34.09,203928,0
2013-10-01,21:10:00,34.08,34.08,34.05,34.065,108445,0
2013-10-01,21:15:00,34.0678,34.11,34.03,34.03,266667,0
2013-10-01,21:20:00,34.03,34.09,34.03,34.087,127989,0
2013-10-01,21:25:00,34.081,34.1,34.05,34.1,161272,0
2013-10-01,21:30:00,34.1,34.11,34.09,34.1,178280,0
2013-10-01,21:35:00,34.1,34.22,34.09,34.215,254879,0
2013-10-01,21:40:00,34.215,34.26,34.173,34.24,410261,0
2013-10-01,21:45:00,34.247,34.25,34.17,34.21,300261,0
2013-10-01,21:50:00,34.2001,34.205,34.13,34.18,485207,0
2013-10-01,21:55:00,34.1707,34.25,34.1707,34.249,594096,0
2013-10-01,22:00:00,34.245,34.32,34.21,34.31,1269418,0
2013-10-02,15:35:00,34.15,34.44,34.06,34.07,915709,0
2013-10-02,15:40:00,34.07,34.27,34.05,34.18,812125,0
2013-10-02,15:45:00,34.19,34.45,34.14,34.439,655084,0
2013-10-02,15:50:00,34.439,34.65,34.39,34.61,889836,0
2013-10-02,15:55:00,34.61,34.645,34.48,34.57,360805,0
2013-10-02,16:00:00,34.58,34.6951,34.44,34.69,476695,0
2013-10-02,16:05:00,34.69,34.69,34.51,34.52,288144,0
2013-10-02,16:10:00,34.51,34.5194,33.95,33.99,1109969,0
2013-10-02,16:15:00,33.99,34.215,33.97,34.2,817632,0
2013-10-02,16:20:00,34.21,34.22,34.11,34.18,420648,0
2013-10-02,16:25:00,34.18,34.2,34.01,34.13,436072,0
2013-10-02,16:30:00,34.13,34.15,34.07,34.08,193294,0
2013-10-02,16:35:00,34.08,34.09,33.9,34,570032,0
2013-10-02,16:40:00,34,34.06,33.92,34.05,336224,0
2013-10-02,16:45:00,34.06,34.14,34.005,34.05,388291,0
2013-10-02,16:50:00,34.05,34.15,34.03,34.1,254957,0
2013-10-02,16:55:00,34.099,34.13,34.0601,34.1,170267,0
2013-10-02,17:00:00,34.095,34.21,34.095,34.16,266495,0
2013-10-02,17:05:00,34.16,34.19,34.1,34.1151,168869,0
2013-10-02,17:10:00,34.12,34.13,34.07,34.11,319114,0
2013-10-02,17:15:00,34.12,34.27,34.115,34.22,353386,0
2013-10-02,17:20:00,34.219,34.27,34.215,34.26,205374,0
2013-10-02,17:25:00,34.269,34.27,34.2,34.21,276034,0
2013-10-02,17:30:00,34.201,34.27,34.17,34.25,146069,0
2013-10-02,17:35:00,34.25,34.379,34.2474,34.31,376814,0
2013-10-02,17:40:00,34.31,34.339,34.295,34.315,142130,0
2013-10-02,17:45:00,34.31,34.39,34.31,34.37,126549,0
2013-10-02,17:50:00,34.3702,34.46,34.36,34.43,217676,0
2013-10-02,17:55:00,34.435,34.5,34.4251,34.47,228735,0
2013-10-02,18:00:00,34.47,34.47,34.3901,34.4349,266808,0
2013-10-02,18:05:00,34.43,34.5,34.425,34.46,178376,0
2013-10-02,18:10:00,34.46,34.5,34.455,34.461,116816,0
2013-10-02,18:15:00,34.4601,34.47,34.42,34.43,227443,0
2013-10-02,18:20:00,34.43,34.465,34.4,34.425,214828,0
2013-10-02,18:25:00,34.43,34.43,34.4,34.4,207283,0
2013-10-02,18:30:00,34.4,34.401,34.3,34.3001,248438,0
2013-10-02,18:35:00,34.3055,34.33,34.29,34.29,118162,0
2013-10-02,18:40:00,34.3,34.34,34.29,34.318,125415,0
2013-10-02,18:45:00,34.31,34.37,34.3,34.36,113160,0
2013-10-02,18:50:00,34.35,34.35,34.27,34.28,92693,0
2013-10-02,18:55:00,34.28,34.3,34.26,34.28,66102,0
2013-10-02,19:00:00,34.28,34.29,34.25,34.27,65523,0
2013-10-02,19:05:00,34.27,34.3,34.26,34.29,120449,0
2013-10-02,19:10:00,34.29,34.3399,34.28,34.317,113920,0
2013-10-02,19:15:00,34.31,34.36,34.28,34.3,150683,0
2013-10-02,19:20:00,34.3,34.31,34.22,34.24,107032,0
2013-10-02,19:25:00,34.23,34.29,34.18,34.27,115041,0
2013-10-02,19:30:00,34.265,34.38,34.263,34.36,121744,0
2013-10-02,19:35:00,34.36,34.36,34.325,34.34,59154,0
2013-10-02,19:40:00,34.335,34.4,34.32,34.37,86364,0
2013-10-02,19:45:00,34.37,34.39,34.36,34.37,75894,0
2013-10-02,19:50:00,34.36,34.43,34.355,34.425,166730,0
2013-10-02,19:55:00,34.425,34.43,34.37,34.38,110637,0
2013-10-02,20:00:00,34.385,34.41,34.37,34.38,179577,0
2013-10-02,20:05:00,34.38,34.39,34.34,34.37,99416,0
2013-10-02,20:10:00,34.37,34.42,34.35,34.405,105616,0
2013-10-02,20:15:00,34.405,34.41,34.37,34.37,71303,0
2013-10-02,20:20:00,34.3701,34.38,34.32,34.36,159138,0
2013-10-02,20:25:00,34.3517,34.38,34.35,34.3753,46257,0
2013-10-02,20:30:00,34.38,34.42,34.375,34.41,175567,0
2013-10-02,20:35:00,34.4,34.42,34.39,34.395,108119,0
2013-10-02,20:40:00,34.4,34.4,34.285,34.2997,113285,0
2013-10-02,20:45:00,34.296,34.299,34.2,34.2054,181991,0
2013-10-02,20:50:00,34.205,34.29,34.2007,34.24,159085,0
2013-10-02,20:55:00,34.237,34.28,34.2,34.2476,105733,0
2013-10-02,21:00:00,34.24,34.31,34.22,34.27,155782,0
2013-10-02,21:05:00,34.26,34.26,34.235,34.24,84317,0
2013-10-02,21:10:00,34.2487,34.285,34.22,34.2299,176263,0
2013-10-02,21:15:00,34.225,34.24,34.191,34.2,158894,0
2013-10-02,21:20:00,34.2,34.21,34.18,34.209,132412,0
2013-10-02,21:25:00,34.2051,34.21,34.155,34.177,166085,0
2013-10-02,21:30:00,34.18,34.1955,34.16,34.165,221077,0
2013-10-02,21:35:00,34.1649,34.19,34.135,34.14,346175,0
2013-10-02,21:40:00,34.14,34.17,34.11,34.14,295898,0
2013-10-02,21:45:00,34.14,34.15,34.12,34.14,158438,0
2013-10-02,21:50:00,34.14,34.1473,34.09,34.11,375721,0
2013-10-02,21:55:00,34.11,34.15,34.105,34.13,421546,0
2013-10-02,22:00:00,34.13,34.2,34.12,34.14,1161348,0
2013-10-03,15:35:00,34.32,34.36,34.23,34.23,648755,0
2013-10-03,15:40:00,34.22,34.255,34.06,34.145,505097,0
2013-10-03,15:45:00,34.15,34.16,33.94,34.02,762655,0
2013-10-03,15:50:00,34.02,34.0699,33.99,34.04,279496,0
2013-10-03,15:55:00,34.03,34.04,33.84,33.92,490219,0
2013-10-03,16:00:00,33.92,33.98,33.89,33.94,231091,0
2013-10-03,16:05:00,33.941,33.941,33.77,33.8101,380336,0
2013-10-03,16:10:00,33.8425,33.8425,33.76,33.8,321762,0
2013-10-03,16:15:00,33.79,33.85,33.76,33.77,299173,0
2013-10-03,16:20:00,33.771,33.87,33.765,33.7901,458185,0
2013-10-03,16:25:00,33.79,33.815,33.63,33.6351,542730,0
2013-10-03,16:30:00,33.6301,33.69,33.61,33.6884,411312,0
2013-10-03,16:35:00,33.68,33.68,33.5,33.53,522719,0
2013-10-03,16:40:00,33.535,33.66,33.53,33.63,331831,0
2013-10-03,16:45:00,33.64,33.71,33.62,33.6499,316554,0
2013-10-03,16:50:00,33.645,33.73,33.63,33.69,354726,0
2013-10-03,16:55:00,33.7,33.8,33.65,33.783,349693,0
2013-10-03,17:00:00,33.7899,33.9,33.77,33.8724,441742,0
2013-10-03,17:05:00,33.87,33.8701,33.79,33.82,179352,0
2013-10-03,17:10:00,33.82,33.93,33.82,33.85,330828,0
2013-10-03,17:15:00,33.8499,33.85,33.76,33.8,176363,0
2013-10-03,17:20:00,33.79,33.84,33.77,33.8,200709,0
2013-10-03,17:25:00,33.8,33.87,33.795,33.852,241596,0
2013-10-03,17:30:00,33.85,33.86,33.71,33.712,150186,0
2013-10-03,17:35:00,33.71,33.75,33.65,33.7273,233607,0
2013-10-03,17:40:00,33.7237,33.731,33.66,33.7,152382,0
2013-10-03,17:45:00,33.7,33.7,33.54,33.571,311027,0
2013-10-03,17:50:00,33.57,33.58,33.4,33.4901,545927,0
2013-10-03,17:55:00,33.4949,33.53,33.46,33.52,252102,0
2013-10-03,18:00:00,33.52,33.5201,33.34,33.3849,339668,0
2013-10-03,18:05:00,33.38,33.38,33.23,33.2701,362777,0
2013-10-03,18:10:00,33.265,33.33,33.2,33.27,425081,0
2013-10-03,18:15:00,33.262,33.34,33.25,33.33,340547,0
2013-10-03,18:20:00,33.33,33.41,33.285,33.3013,402287,0
2013-10-03,18:25:00,33.3045,33.335,33.253,33.253,220902,0
2013-10-03,18:30:00,33.26,33.37,33.26,33.36,110233,0
2013-10-03,18:35:00,33.36,33.49,33.35,33.47,306892,0
2013-10-03,18:40:00,33.47,33.55,33.4463,33.46,199087,0
2013-10-03,18:45:00,33.46,33.47,33.38,33.437,238026,0
2013-10-03,18:50:00,33.44,33.62,33.42,33.6127,242741,0
2013-10-03,18:55:00,33.615,33.68,33.55,33.632,397097,0
2013-10-03,19:00:00,33.63,33.64,33.61,33.63,163086,0
2013-10-03,19:05:00,33.6251,33.69,33.595,33.675,226558,0
2013-10-03,19:10:00,33.6749,33.8129,33.665,33.8129,284806,0
2013-10-03,19:15:00,33.819,33.84,33.72,33.7472,381245,0
2013-10-03,19:20:00,33.74,33.755,33.66,33.69,200958,0
2013-10-03,19:25:00,33.695,33.7727,33.68,33.7599,162523,0
2013-10-03,19:30:00,33.75,33.86,33.733,33.84,270852,0
2013-10-03,19:35:00,33.8499,33.87,33.81,33.8401,300201,0
2013-10-03,19:40:00,33.841,33.9,33.8,33.8,176083,0
2013-10-03,19:45:00,33.8,33.9,33.79,33.86,135579,0
2013-10-03,19:50:00,33.851,33.87,33.815,33.85,106093,0
2013-10-03,19:55:00,33.844,33.86,33.7551,33.76,146628,0
2013-10-03,20:00:00,33.76,33.9,33.7501,33.87,172628,0
2013-10-03,20:05:00,33.87,33.87,33.8,33.805,125545,0
2013-10-03,20:10:00,33.81,33.81,33.7,33.74,180193,0
2013-10-03,20:15:00,33.75,33.83,33.73,33.8051,183602,0
2013-10-03,20:20:00,33.8,33.83,33.75,33.75,118923,0
2013-10-03,20:25:00,33.75,33.75,33.52,33.5501,373989,0
2013-10-03,20:30:00,33.55,33.76,33.54,33.76,252345,0
2013-10-03,20:35:00,33.75,33.77,33.655,33.665,139312,0
2013-10-03,20:40:00,33.67,33.7877,33.67,33.779,110672,0
2013-10-03,20:45:00,33.77,33.83,33.74,33.82,163100,0
2013-10-03,20:50:00,33.81,33.92,33.79,33.87,568121,0
2013-10-03,20:55:00,33.875,33.97,33.85,33.93,311384,0
2013-10-03,21:00:00,33.939,33.939,33.81,33.81,150784,0
2013-10-03,21:05:00,33.81,33.89,33.795,33.89,204072,0
2013-10-03,21:10:00,33.89,33.91,33.83,33.84,129962,0
2013-10-03,21:15:00,33.84,33.86,33.825,33.845,82102,0
2013-10-03,21:20:00,33.845,33.85,33.79,33.82,161519,0
2013-10-03,21:25:00,33.83,33.87,33.795,33.84,165347,0
2013-10-03,21:30:00,33.84,33.93,33.82,33.928,157760,0
2013-10-03,21:35:00,33.928,33.94,33.88,33.88,279172,0
2013-10-03,21:40:00,33.88,33.91,33.835,33.895,278666,0
2013-10-03,21:45:00,33.89,33.94,33.85,33.94,175414,0
2013-10-03,21:50:00,33.93,33.93,33.86,33.88,262965,0
2013-10-03,21:55:00,33.88,33.92,33.87,33.91,294225,0
2013-10-03,22:00:00,33.91,33.91,33.85,33.875,843265,0
2013-10-04,15:35:00,33.96,34.22,33.96,34.026,795792,0
2013-10-04,15:40:00,34.02,34.43,34.01,34.34,958539,0
2013-10-04,15:45:00,34.34,34.545,34.32,34.54,819523,0
2013-10-04,15:50:00,34.53,34.62,34.44,34.55,678284,0
2013-10-04,15:55:00,34.55,34.55,34.49,34.539,336480,0
2013-10-04,16:00:00,34.54,34.59,34.33,34.345,694722,0
2013-10-04,16:05:00,34.35,34.39,34.2517,34.36,843342,0
2013-10-04,16:10:00,34.36,34.38,34.255,34.28,292990,0
2013-10-04,16:15:00,34.2799,34.35,34.25,34.31,252958,0
2013-10-04,16:20:00,34.31,34.4,34.31,34.36,332714,0
2013-10-04,16:25:00,34.36,34.48,34.34,34.42,446068,0
2013-10-04,16:30:00,34.42,34.45,34.37,34.42,144405,0
2013-10-04,16:35:00,34.427,34.54,34.427,34.535,303355,0
2013-10-04,16:40:00,34.54,34.55,34.44,34.48,298311,0
2013-10-04,16:45:00,34.49,34.535,34.44,34.4899,222420,0
2013-10-04,16:50:00,34.4873,34.54,34.48,34.524,194067,0
2013-10-04,16:55:00,34.52,34.54,34.48,34.495,196245,0
2013-10-04,17:00:00,34.4973,34.57,34.4973,34.56,209582,0
2013-10-04,17:05:00,34.56,34.56,34.48,34.52,161536,0
2013-10-04,17:10:00,34.53,34.588,34.471,34.51,289421,0
2013-10-04,17:15:00,34.501,34.52,34.42,34.45,331695,0
2013-10-04,17:20:00,34.45,34.5,34.42,34.49,128704,0
2013-10-04,17:25:00,34.49,34.51,34.46,34.5,110510,0
2013-10-04,17:30:00,34.5,34.52,34.42,34.439,172878,0
2013-10-04,17:35:00,34.439,34.45,34.4,34.405,176872,0
2013-10-04,17:40:00,34.4173,34.47,34.385,34.4299,278345,0
2013-10-04,17:45:00,34.42,34.51,34.42,34.4745,521249,0
2013-10-04,17:50:00,34.476,34.57,34.45,34.57,300733,0
2013-10-04,17:55:00,34.56,34.6,34.546,34.57,234617,0
2013-10-04,18:00:00,34.577,34.58,34.51,34.5551,131999,0
2013-10-04,18:05:00,34.551,34.626,34.55,34.57,144597,0
2013-10-04,18:10:00,34.57,34.67,34.57,34.67,224493,0
2013-10-04,18:15:00,34.67,34.74,34.64,34.69,300887,0
2013-10-04,18:20:00,34.68,34.74,34.66,34.73,244654,0
2013-10-04,18:25:00,34.7373,34.77,34.691,34.74,241101,0
2013-10-04,18:30:00,34.75,34.78,34.74,34.77,208515,0
2013-10-04,18:35:00,34.765,34.77,34.73,34.75,100699,0
2013-10-04,18:40:00,34.75,34.78,34.745,34.755,129947,0
2013-10-04,18:45:00,34.76,34.79,34.76,34.775,115520,0
2013-10-04,18:50:00,34.778,34.78,34.74,34.74,134478,0
2013-10-04,18:55:00,34.741,34.76,34.73,34.7399,113737,0
2013-10-04,19:00:00,34.73,34.75,34.72,34.73,142724,0
2013-10-04,19:05:00,34.74,34.75,34.69,34.6901,148130,0
2013-10-04,19:10:00,34.69,34.72,34.68,34.69,113591,0
2013-10-04,19:15:00,34.689,34.73,34.675,34.7227,77684,0
2013-10-04,19:20:00,34.73,34.784,34.7001,34.78,143765,0
2013-10-04,19:25:00,34.79,34.8,34.77,34.7901,139962,0
2013-10-04,19:30:00,34.79,34.87,34.79,34.87,251273,0
2013-10-04,19:35:00,34.86,34.87,34.85,34.86,297088,0
2013-10-04,19:40:00,34.87,34.87,34.84,34.86,140722,0
2013-10-04,19:45:00,34.865,34.87,34.84,34.865,206356,0
2013-10-04,19:50:00,34.865,34.97,34.86,34.8801,941807,0
2013-10-04,19:55:00,34.885,34.97,34.88,34.96,213091,0
2013-10-04,20:00:00,34.96,34.99,34.93,34.975,197967,0
2013-10-04,20:05:00,34.975,34.99,34.96,34.979,214474,0
2013-10-04,20:10:00,34.98,35.02,34.9701,34.99,652150,0
2013-10-04,20:15:00,34.99,35.06,34.99,35.039,242744,0
2013-10-04,20:20:00,35.0387,35.04,35,35.0099,403090,0
2013-10-04,20:25:00,35.0001,35.0096,34.91,34.96,217841,0
2013-10-04,20:30:00,34.9513,34.98,34.935,34.96,153669,0
2013-10-04,20:35:00,34.9651,35,34.925,34.9599,267634,0
2013-10-04,20:40:00,34.9551,34.97,34.91,34.91,114509,0
2013-10-04,20:45:00,34.91,34.919,34.81,34.85,252273,0
2013-10-04,20:50:00,34.848,34.92,34.83,34.9,173057,0
2013-10-04,20:55:00,34.9,34.93,34.88,34.8801,161387,0
2013-10-04,21:00:00,34.884,34.89,34.84,34.86,163471,0
2013-10-04,21:05:00,34.86,34.92,34.83,34.86,383194,0
2013-10-04,21:10:00,34.87,34.879,34.82,34.82,166810,0
2013-10-04,21:15:00,34.82,34.87,34.81,34.86,175768,0
2013-10-04,21:20:00,34.86,34.9,34.83,34.8551,377002,0
2013-10-04,21:25:00,34.8599,34.8599,34.74,34.756,262839,0
2013-10-04,21:30:00,34.75,34.81,34.75,34.8,141537,0
2013-10-04,21:35:00,34.79,34.8182,34.78,34.8,227097,0
2013-10-04,21:40:00,34.805,34.84,34.8,34.83,249046,0
2013-10-04,21:45:00,34.82,34.87,34.82,34.82,321406,0
2013-10-04,21:50:00,34.82,34.88,34.82,34.86,569736,0
2013-10-04,21:55:00,34.865,34.88,34.83,34.83,510519,0
2013-10-04,22:00:00,34.83,34.91,34.82,34.89,1093637,0
