Date,Time,Open,High,Low,Close,Volume,OpenInt
2013-09-26,15:35:00,84.59,84.85,84.5,84.56,59022,0
2013-09-26,15:40:00,84.55,84.6,84.4,84.4,75470,0
2013-09-26,15:45:00,84.42,84.53,84.27,84.36,83433,0
2013-09-26,15:50:00,84.33,84.5,84.31,84.35,66330,0
2013-09-26,15:55:00,84.35,84.6,84.35,84.44,58899,0
2013-09-26,16:00:00,84.45,84.57,84.44,84.52,35257,0
2013-09-26,16:05:00,84.53,84.65,84.48,84.64,43932,0
2013-09-26,16:10:00,84.64,84.74,84.59,84.66,65585,0
2013-09-26,16:15:00,84.66,84.66,84.42,84.43,32886,0
2013-09-26,16:20:00,84.44,84.52,84.42,84.5,54879,0
2013-09-26,16:25:00,84.5,84.5,84.32,84.39,42485,0
2013-09-26,16:30:00,84.38,84.47,84.35,84.41,35402,0
2013-09-26,16:35:00,84.42,84.49,84.35,84.45,19061,0
2013-09-26,16:40:00,84.44,84.48,84.36,84.4,21234,0
2013-09-26,16:45:00,84.39,84.41,84.25,84.38,58405,0
2013-09-26,16:50:00,84.37,84.37,84.15,84.33,40846,0
2013-09-26,16:55:00,84.33,84.35,84.22,84.24,33655,0
2013-09-26,17:00:00,84.23,84.34,84.18,84.27,29984,0
2013-09-26,17:05:00,84.26,84.26,84.19,84.25,26152,0
2013-09-26,17:10:00,84.24,84.29,84.19,84.25,20996,0
2013-09-26,17:15:00,84.23,84.23,84.12,84.13,43979,0
2013-09-26,17:20:00,84.12,84.14,84.01,84.05,70880,0
2013-09-26,17:25:00,84.05,84.12,84.01,84.12,32604,0
2013-09-26,17:30:00,84.12,84.13,84.01,84.1,44438,0
2013-09-26,17:35:00,84.11,84.27,84.11,84.21,26718,0
2013-09-26,17:40:00,84.23,84.23,84.12,84.12,13809,0
2013-09-26,17:45:00,84.11,84.21,84.11,84.17,17234,0
2013-09-26,17:50:00,84.17,84.19,84.1,84.13,26480,0
2013-09-26,17:55:00,84.12,84.13,84.02,84.1,24565,0
2013-09-26,18:00:00,84.1,84.18,84.1,84.15,21034,0
2013-09-26,18:05:00,84.15,84.2,84.14,84.14,10336,0
2013-09-26,18:10:00,84.13,84.16,84.08,84.11,16336,0
2013-09-26,18:15:00,84.12,84.12,84.06,84.08,12953,0
2013-09-26,18:20:00,84.08,84.08,84.02,84.05,53377,0
2013-09-26,18:25:00,84.04,84.11,84.03,84.07,19615,0
2013-09-26,18:30:00,84.06,84.09,84.05,84.09,14635,0
2013-09-26,18:35:00,84.07,84.15,84.07,84.14,13812,0
2013-09-26,18:40:00,84.13,84.15,84.09,84.12,16246,0
2013-09-26,18:45:00,84.12,84.2,84.12,84.2,14426,0
2013-09-26,18:50:00,84.2,84.23,84.1,84.15,27243,0
2013-09-26,18:55:00,84.15,84.16,84.04,84.04,25564,0
2013-09-26,19:00:00,84.05,84.09,84.03,84.04,13318,0
2013-09-26,19:05:00,84.04,84.07,84,84,51701,0
2013-09-26,19:10:00,84,84.1,84,84.08,19023,0
2013-09-26,19:15:00,84.07,84.14,84.02,84.14,12830,0
2013-09-26,19:20:00,84.14,84.16,84.06,84.13,17485,0
2013-09-26,19:25:00,84.12,84.12,84.03,84.03,12047,0
2013-09-26,19:30:00,84.03,84.04,84.01,84.03,8964,0
2013-09-26,19:35:00,84.02,84.06,84,84,36496,0
2013-09-26,19:40:00,84,84.02,83.95,83.98,38058,0
2013-09-26,19:45:00,83.99,84.04,83.93,83.95,25685,0
2013-09-26,19:50:00,83.94,84.01,83.93,84,30787,0
2013-09-26,19:55:00,84,84.03,83.98,84,17997,0
2013-09-26,20:00:00,84,84.02,83.98,83.98,19499,0
2013-09-26,20:05:00,83.99,84.03,83.94,83.96,79629,0
2013-09-26,20:10:00,83.96,84.01,83.92,84.01,31289,0
2013-09-26,20:15:00,84.01,84.07,83.98,84.01,30349,0
2013-09-26,20:20:00,84.01,84.01,83.99,83.99,14730,0
2013-09-26,20:25:00,84,84.03,83.96,84,48318,0
2013-09-26,20:30:00,84,84.04,83.99,84,34054,0
2013-09-26,20:35:00,84,84.02,83.96,84.01,32123,0
2013-09-26,20:40:00,84,84.03,83.94,84.01,27873,0
2013-09-26,20:45:00,84.01,84.08,83.99,84,63099,0
2013-09-26,20:50:00,83.99,84.01,83.96,83.99,26327,0
2013-09-26,20:55:00,83.97,84,83.94,83.96,26787,0
2013-09-26,21:00:00,83.95,84.02,83.95,83.97,18622,0
2013-09-26,21:05:00,83.96,84.01,83.93,83.95,26211,0
2013-09-26,21:10:00,83.95,84.03,83.93,83.96,25570,0
2013-09-26,21:15:00,83.97,83.98,83.9,83.91,61688,0
2013-09-26,21:20:00,83.93,83.96,83.92,83.92,25735,0
2013-09-26,21:25:00,83.92,84,83.91,83.96,42539,0
2013-09-26,21:30:00,83.95,84.01,83.94,83.97,48439,0
2013-09-26,21:35:00,83.97,84.06,83.93,84.04,92676,0
2013-09-26,21:40:00,84.04,84.08,83.99,84.03,76309,0
2013-09-26,21:45:00,84.02,84.06,84.01,84.03,63300,0
2013-09-26,21:50:00,84.03,84.06,84.03,84.05,97965,0
2013-09-26,21:55:00,84.05,84.11,84.05,84.07,132124,0
2013-09-26,22:00:00,84.07,84.21,84.04,84.2,1645730,0
2013-09-27,15:35:00,83.62,83.73,83.4,83.66,82046,0
2013-09-27,15:40:00,83.65,83.87,83.63,83.65,63147,0
2013-09-27,15:45:00,83.64,83.82,83.57,83.75,50670,0
2013-09-27,15:50:00,83.74,83.74,83.51,83.61,85063,0
2013-09-27,15:55:00,83.6,83.62,83.51,83.55,53323,0
2013-09-27,16:00:00,83.56,83.63,83.47,83.55,47958,0
2013-09-27,16:05:00,83.54,83.6,83.38,83.5,57324,0
2013-09-27,16:10:00,83.49,83.64,83.49,83.64,52174,0
2013-09-27,16:15:00,83.63,83.69,83.6,83.61,25028,0
2013-09-27,16:20:00,83.61,83.77,83.59,83.69,53344,0
2013-09-27,16:25:00,83.68,83.76,83.63,83.71,41904,0
2013-09-27,16:30:00,83.7,83.81,83.64,83.81,30700,0
2013-09-27,16:35:00,83.8,83.82,83.74,83.8,51531,0
2013-09-27,16:40:00,83.8,83.88,83.75,83.76,23646,0
2013-09-27,16:45:00,83.76,83.82,83.73,83.76,46463,0
2013-09-27,16:50:00,83.75,83.82,83.67,83.78,27218,0
2013-09-27,16:55:00,83.78,83.83,83.77,83.8,33193,0
2013-09-27,17:00:00,83.81,83.87,83.8,83.81,25620,0
2013-09-27,17:05:00,83.81,83.84,83.71,83.71,22752,0
2013-09-27,17:10:00,83.7,83.79,83.67,83.76,39509,0
2013-09-27,17:15:00,83.76,83.78,83.7,83.78,23072,0
2013-09-27,17:20:00,83.77,83.8,83.7,83.72,35066,0
2013-09-27,17:25:00,83.71,83.78,83.69,83.72,17664,0
2013-09-27,17:30:00,83.7,83.8,83.69,83.75,20471,0
2013-09-27,17:35:00,83.75,83.78,83.69,83.77,20227,0
2013-09-27,17:40:00,83.77,83.9,83.76,83.79,50380,0
2013-09-27,17:45:00,83.78,83.83,83.73,83.75,23486,0
2013-09-27,17:50:00,83.75,83.77,83.65,83.68,34855,0
2013-09-27,17:55:00,83.68,83.7,83.63,83.65,16532,0
2013-09-27,18:00:00,83.64,83.64,83.55,83.62,34544,0
2013-09-27,18:05:00,83.62,83.68,83.61,83.67,10496,0
2013-09-27,18:10:00,83.66,83.67,83.62,83.64,13576,0
2013-09-27,18:15:00,83.63,83.63,83.58,83.62,15550,0
2013-09-27,18:20:00,83.62,83.68,83.61,83.68,14147,0
2013-09-27,18:25:00,83.68,83.76,83.67,83.74,38844,0
2013-09-27,18:30:00,83.73,83.73,83.67,83.71,15969,0
2013-09-27,18:35:00,83.7,83.74,83.7,83.74,8962,0
2013-09-27,18:40:00,83.75,83.75,83.66,83.69,13317,0
2013-09-27,18:45:00,83.69,83.73,83.67,83.7,15965,0
2013-09-27,18:50:00,83.7,83.74,83.67,83.71,14636,0
2013-09-27,18:55:00,83.72,83.77,83.72,83.73,14239,0
2013-09-27,19:00:00,83.74,83.74,83.68,83.74,17845,0
2013-09-27,19:05:00,83.75,83.77,83.7,83.72,11328,0
2013-09-27,19:10:00,83.74,83.78,83.72,83.77,7138,0
2013-09-27,19:15:00,83.78,83.81,83.75,83.8,14629,0
2013-09-27,19:20:00,83.8,83.82,83.75,83.75,13589,0
2013-09-27,19:25:00,83.76,83.76,83.7,83.75,8589,0
2013-09-27,19:30:00,83.74,83.75,83.7,83.74,13488,0
2013-09-27,19:35:00,83.73,83.8,83.71,83.8,22861,0
2013-09-27,19:40:00,83.8,83.8,83.76,83.77,18699,0
2013-09-27,19:45:00,83.77,83.86,83.77,83.79,26654,0
2013-09-27,19:50:00,83.81,83.82,83.78,83.82,12608,0
2013-09-27,19:55:00,83.83,83.85,83.74,83.75,19305,0
2013-09-27,20:00:00,83.75,83.76,83.7,83.76,19815,0
2013-09-27,20:05:00,83.76,83.76,83.7,83.72,29423,0
2013-09-27,20:10:00,83.71,83.72,83.62,83.62,37803,0
2013-09-27,20:15:00,83.63,83.67,83.61,83.67,32079,0
2013-09-27,20:20:00,83.66,83.67,83.62,83.63,14653,0
2013-09-27,20:25:00,83.64,83.68,83.64,83.66,11604,0
2013-09-27,20:30:00,83.67,83.71,83.65,83.71,16401,0
2013-09-27,20:35:00,83.7,83.7,83.63,83.66,22068,0
2013-09-27,20:40:00,83.65,83.74,83.62,83.72,27027,0
2013-09-27,20:45:00,83.72,83.78,83.72,83.77,37287,0
2013-09-27,20:50:00,83.77,83.83,83.75,83.75,31473,0
2013-09-27,20:55:00,83.75,83.77,83.73,83.74,11729,0
2013-09-27,21:00:00,83.75,83.75,83.71,83.71,29264,0
2013-09-27,21:05:00,83.71,83.79,83.7,83.75,25787,0
2013-09-27,21:10:00,83.74,83.79,83.72,83.73,50532,0
2013-09-27,21:15:00,83.73,83.77,83.71,83.71,54066,0
2013-09-27,21:20:00,83.7,83.72,83.65,83.65,50315,0
2013-09-27,21:25:00,83.65,83.69,83.61,83.63,39785,0
2013-09-27,21:30:00,83.63,83.75,83.62,83.73,28818,0
2013-09-27,21:35:00,83.74,83.74,83.72,83.73,32507,0
2013-09-27,21:40:00,83.73,83.89,83.72,83.86,88025,0
2013-09-27,21:45:00,83.87,83.9,83.8,83.81,68487,0
2013-09-27,21:50:00,83.81,83.85,83.78,83.8,73876,0
2013-09-27,21:55:00,83.8,83.89,83.78,83.86,112162,0
2013-09-27,22:00:00,83.86,83.92,83.77,83.8,615845,0
2013-09-30,15:35:00,82.95,83.44,82.83,83.4,91180,0
2013-09-30,15:40:00,83.44,83.46,83.32,83.33,49558,0
2013-09-30,15:45:00,83.32,83.74,83.32,83.56,62246,0
2013-09-30,15:50:00,83.57,83.61,83.3,83.41,63043,0
2013-09-30,15:55:00,83.42,83.7,83.36,83.56,41903,0
2013-09-30,16:00:00,83.53,83.53,83.39,83.42,35350,0
2013-09-30,16:05:00,83.42,83.49,83.4,83.4,32001,0
2013-09-30,16:10:00,83.42,83.59,83.42,83.54,56330,0
2013-09-30,16:15:00,83.54,83.6,83.48,83.55,32557,0
2013-09-30,16:20:00,83.54,83.65,83.54,83.58,48402,0
2013-09-30,16:25:00,83.58,83.65,83.57,83.61,34972,0
2013-09-30,16:30:00,83.6,83.69,83.58,83.63,23790,0
2013-09-30,16:35:00,83.65,83.7,83.55,83.65,78304,0
2013-09-30,16:40:00,83.65,83.71,83.57,83.58,68618,0
2013-09-30,16:45:00,83.58,83.8,83.58,83.79,43819,0
2013-09-30,16:50:00,83.8,83.83,83.69,83.74,39690,0
2013-09-30,16:55:00,83.75,83.8,83.62,83.64,25723,0
2013-09-30,17:00:00,83.64,83.68,83.58,83.64,23627,0
2013-09-30,17:05:00,83.61,83.68,83.61,83.68,42653,0
2013-09-30,17:10:00,83.69,83.79,83.64,83.66,66444,0
2013-09-30,17:15:00,83.67,83.67,83.55,83.55,17530,0
2013-09-30,17:20:00,83.54,83.62,83.53,83.6,39648,0
2013-09-30,17:25:00,83.61,83.64,83.55,83.6,21475,0
2013-09-30,17:30:00,83.59,83.64,83.57,83.58,22282,0
2013-09-30,17:35:00,83.58,83.59,83.5,83.51,43217,0
2013-09-30,17:40:00,83.51,83.56,83.48,83.48,22295,0
2013-09-30,17:45:00,83.48,83.51,83.44,83.46,15691,0
2013-09-30,17:50:00,83.46,83.47,83.34,83.35,44278,0
2013-09-30,17:55:00,83.35,83.39,83.34,83.35,24807,0
2013-09-30,18:00:00,83.35,83.4,83.34,83.38,17884,0
2013-09-30,18:05:00,83.38,83.39,83.28,83.28,27749,0
2013-09-30,18:10:00,83.28,83.33,83.23,83.26,36449,0
2013-09-30,18:15:00,83.26,83.28,83.2,83.21,29081,0
2013-09-30,18:20:00,83.21,83.24,83.13,83.18,35442,0
2013-09-30,18:25:00,83.18,83.2,83.13,83.16,22900,0
2013-09-30,18:30:00,83.15,83.21,83.13,83.17,32016,0
2013-09-30,18:35:00,83.16,83.16,83.12,83.12,15588,0
2013-09-30,18:40:00,83.13,83.19,83.11,83.16,16325,0
2013-09-30,18:45:00,83.17,83.22,83.12,83.22,28029,0
2013-09-30,18:50:00,83.22,83.22,83.17,83.19,22013,0
2013-09-30,18:55:00,83.19,83.24,83.18,83.2,31992,0
2013-09-30,19:00:00,83.2,83.27,83.18,83.26,73815,0
2013-09-30,19:05:00,83.26,83.37,83.26,83.32,45648,0
2013-09-30,19:10:00,83.32,83.38,83.31,83.37,45911,0
2013-09-30,19:15:00,83.37,83.37,83.31,83.35,21681,0
2013-09-30,19:20:00,83.35,83.53,83.33,83.52,55102,0
2013-09-30,19:25:00,83.52,83.61,83.48,83.6,93743,0
2013-09-30,19:30:00,83.6,83.64,83.59,83.6,33270,0
2013-09-30,19:35:00,83.59,83.64,83.57,83.58,29789,0
2013-09-30,19:40:00,83.58,83.63,83.52,83.54,46668,0
2013-09-30,19:45:00,83.55,83.64,83.54,83.56,20269,0
2013-09-30,19:50:00,83.57,83.67,83.57,83.65,29172,0
2013-09-30,19:55:00,83.63,83.64,83.55,83.56,19305,0
2013-09-30,20:00:00,83.55,83.57,83.49,83.52,49170,0
2013-09-30,20:05:00,83.53,83.56,83.5,83.5,79949,0
2013-09-30,20:10:00,83.5,83.53,83.45,83.52,101480,0
2013-09-30,20:15:00,83.53,83.54,83.48,83.54,167613,0
2013-09-30,20:20:00,83.53,83.55,83.5,83.52,85676,0
2013-09-30,20:25:00,83.52,83.54,83.42,83.45,70572,0
2013-09-30,20:30:00,83.44,83.45,83.36,83.38,77593,0
2013-09-30,20:35:00,83.38,83.53,83.37,83.52,68327,0
2013-09-30,20:40:00,83.52,83.53,83.48,83.51,126294,0
2013-09-30,20:45:00,83.51,83.53,83.5,83.53,55532,0
2013-09-30,20:50:00,83.53,83.55,83.51,83.52,14262,0
2013-09-30,20:55:00,83.51,83.54,83.5,83.51,32624,0
2013-09-30,21:00:00,83.51,83.55,83.5,83.5,29191,0
2013-09-30,21:05:00,83.5,83.53,83.48,83.48,65705,0
2013-09-30,21:10:00,83.48,83.53,83.47,83.5,66837,0
2013-09-30,21:15:00,83.5,83.51,83.4,83.4,100630,0
2013-09-30,21:20:00,83.39,83.43,83.31,83.38,51022,0
2013-09-30,21:25:00,83.38,83.43,83.35,83.39,60562,0
2013-09-30,21:30:00,83.4,83.44,83.39,83.42,63432,0
2013-09-30,21:35:00,83.41,83.43,83.37,83.39,108350,0
2013-09-30,21:40:00,83.37,83.44,83.36,83.37,130861,0
2013-09-30,21:45:00,83.37,83.37,83.29,83.3,119967,0
2013-09-30,21:50:00,83.31,83.43,83.3,83.35,136934,0
2013-09-30,21:55:00,83.34,83.4,83.31,83.34,169548,0
2013-09-30,22:00:00,83.33,83.45,83.3,83.4,1152658,0
2013-10-01,15:35:00,83.56,83.56,83.08,83.17,118864,0
2013-10-01,15:40:00,83.2,83.42,83.15,83.35,82314,0
2013-10-01,15:45:00,83.32,83.59,83.3,83.39,126121,0
2013-10-01,15:50:00,83.39,83.62,83.31,83.44,67432,0
2013-10-01,15:55:00,83.45,83.47,83.31,83.45,42114,0
2013-10-01,16:00:00,83.44,83.53,83.38,83.51,49106,0
2013-10-01,16:05:00,83.53,83.68,83.39,83.64,174456,0
2013-10-01,16:10:00,83.66,83.76,83.59,83.75,103250,0
2013-10-01,16:15:00,83.75,83.83,83.71,83.81,181232,0
2013-10-01,16:20:00,83.8,83.82,83.75,83.78,67245,0
2013-10-01,16:25:00,83.79,83.86,83.71,83.83,66506,0
2013-10-01,16:30:00,83.83,83.83,83.75,83.79,67193,0
2013-10-01,16:35:00,83.79,84.01,83.79,83.95,136296,0
2013-10-01,16:40:00,83.96,83.96,83.79,83.85,26642,0
2013-10-01,16:45:00,83.85,83.91,83.8,83.8,29708,0
2013-10-01,16:50:00,83.8,83.86,83.7,83.85,73441,0
2013-10-01,16:55:00,83.85,83.93,83.82,83.88,37798,0
2013-10-01,17:00:00,83.88,84,83.86,83.87,41608,0
2013-10-01,17:05:00,83.87,83.96,83.86,83.88,12459,0
2013-10-01,17:10:00,83.88,83.95,83.76,83.78,25005,0
2013-10-01,17:15:00,83.78,83.9,83.78,83.88,23062,0
2013-10-01,17:20:00,83.89,83.93,83.87,83.87,24518,0
2013-10-01,17:25:00,83.86,83.99,83.85,83.98,51316,0
2013-10-01,17:30:00,83.99,84.04,83.96,84.02,56530,0
2013-10-01,17:35:00,84.03,84.03,83.96,84.02,52328,0
2013-10-01,17:40:00,84.01,84.07,83.97,84.05,27169,0
2013-10-01,17:45:00,84.05,84.24,84.05,84.22,81314,0
2013-10-01,17:50:00,84.23,84.3,84.2,84.26,89221,0
2013-10-01,17:55:00,84.25,84.27,84.17,84.17,41550,0
2013-10-01,18:00:00,84.17,84.17,84.08,84.11,16486,0
2013-10-01,18:05:00,84.1,84.12,84.02,84.06,20437,0
2013-10-01,18:10:00,84.06,84.11,84.02,84.06,27929,0
2013-10-01,18:15:00,84.07,84.07,83.99,84,22863,0
2013-10-01,18:20:00,83.99,84.06,83.96,84.03,20099,0
2013-10-01,18:25:00,84.02,84.06,84,84.03,13084,0
2013-10-01,18:30:00,84.04,84.17,84.04,84.13,18592,0
2013-10-01,18:35:00,84.13,84.14,84.04,84.05,19252,0
2013-10-01,18:40:00,84.04,84.06,84.01,84.02,11582,0
2013-10-01,18:45:00,84.03,84.06,84,84.02,9720,0
2013-10-01,18:50:00,84.01,84.09,84.01,84.05,19798,0
2013-10-01,18:55:00,84.05,84.08,84.03,84.06,22887,0
2013-10-01,19:00:00,84.04,84.04,84,84.03,22481,0
2013-10-01,19:05:00,84.02,84.07,83.95,84.05,30199,0
2013-10-01,19:10:00,84.04,84.05,83.99,84.03,24300,0
2013-10-01,19:15:00,84.04,84.09,83.95,83.99,14647,0
2013-10-01,19:20:00,83.99,84.08,83.98,84.07,11333,0
2013-10-01,19:25:00,84.08,84.09,84.01,84.03,10198,0
2013-10-01,19:30:00,84.03,84.07,84,84.01,11542,0
2013-10-01,19:35:00,84.01,84.03,83.94,83.95,25701,0
2013-10-01,19:40:00,83.95,83.97,83.92,83.96,15279,0
2013-10-01,19:45:00,83.96,83.99,83.95,83.99,12982,0
2013-10-01,19:50:00,83.99,84,83.92,83.92,11268,0
2013-10-01,19:55:00,83.92,83.99,83.92,83.97,9477,0
2013-10-01,20:00:00,83.97,84.05,83.96,83.98,35660,0
2013-10-01,20:05:00,83.98,84.01,83.93,83.94,15108,0
2013-10-01,20:10:00,83.92,83.94,83.9,83.92,9134,0
2013-10-01,20:15:00,83.93,83.93,83.9,83.93,20970,0
2013-10-01,20:20:00,83.93,83.94,83.86,83.87,21098,0
2013-10-01,20:25:00,83.86,83.86,83.8,83.81,26645,0
2013-10-01,20:30:00,83.8,83.81,83.74,83.76,27586,0
2013-10-01,20:35:00,83.76,83.81,83.74,83.8,22582,0
2013-10-01,20:40:00,83.8,83.86,83.77,83.85,39327,0
2013-10-01,20:45:00,83.85,83.91,83.84,83.9,35693,0
2013-10-01,20:50:00,83.9,83.9,83.79,83.81,21818,0
2013-10-01,20:55:00,83.81,83.86,83.78,83.82,31143,0
2013-10-01,21:00:00,83.81,83.87,83.79,83.85,27891,0
2013-10-01,21:05:00,83.84,83.84,83.77,83.77,23835,0
2013-10-01,21:10:00,83.76,83.78,83.7,83.75,20002,0
2013-10-01,21:15:00,83.75,83.75,83.7,83.73,25520,0
2013-10-01,21:20:00,83.72,83.73,83.66,83.72,47204,0
2013-10-01,21:25:00,83.71,83.72,83.64,83.69,33377,0
2013-10-01,21:30:00,83.7,83.72,83.64,83.66,25535,0
2013-10-01,21:35:00,83.66,83.73,83.65,83.69,44649,0
2013-10-01,21:40:00,83.7,83.75,83.66,83.67,32024,0
2013-10-01,21:45:00,83.67,83.68,83.62,83.64,54554,0
2013-10-01,21:50:00,83.64,83.68,83.57,83.65,67810,0
2013-10-01,21:55:00,83.66,83.71,83.59,83.59,81739,0
2013-10-01,22:00:00,83.6,83.78,83.59,83.76,657450,0
2013-10-02,15:35:00,83.52,83.8,83.48,83.72,57961,0
2013-10-02,15:40:00,83.73,84,83.6,83.6,86238,0
2013-10-02,15:45:00,83.65,83.69,83.42,83.56,85213,0
2013-10-02,15:50:00,83.52,83.63,83.41,83.6,55816,0
2013-10-02,15:55:00,83.57,83.84,83.56,83.75,62620,0
2013-10-02,16:00:00,83.75,83.77,83.62,83.68,54541,0
2013-10-02,16:05:00,83.68,83.7,83.51,83.67,37325,0
2013-10-02,16:10:00,83.67,83.68,83.42,83.45,59963,0
2013-10-02,16:15:00,83.41,83.56,83.33,83.54,65143,0
2013-10-02,16:20:00,83.54,83.63,83.38,83.52,50429,0
2013-10-02,16:25:00,83.52,83.55,83.41,83.51,36105,0
2013-10-02,16:30:00,83.52,83.52,83.45,83.47,35247,0
2013-10-02,16:35:00,83.45,83.48,83.34,83.42,55788,0
2013-10-02,16:40:00,83.41,83.57,83.38,83.57,41727,0
2013-10-02,16:45:00,83.56,83.58,83.48,83.57,27035,0
2013-10-02,16:50:00,83.57,83.59,83.48,83.57,60107,0
2013-10-02,16:55:00,83.56,83.63,83.5,83.55,65244,0
2013-10-02,17:00:00,83.55,83.67,83.55,83.64,27371,0
2013-10-02,17:05:00,83.62,83.69,83.57,83.59,34282,0
2013-10-02,17:10:00,83.58,83.69,83.53,83.68,43521,0
2013-10-02,17:15:00,83.69,83.87,83.69,83.87,43412,0
2013-10-02,17:20:00,83.87,83.98,83.86,83.95,45713,0
2013-10-02,17:25:00,83.93,83.93,83.83,83.83,29048,0
2013-10-02,17:30:00,83.85,83.9,83.84,83.85,17779,0
2013-10-02,17:35:00,83.85,83.97,83.85,83.93,40290,0
2013-10-02,17:40:00,83.92,84,83.91,83.96,48343,0
2013-10-02,17:45:00,83.97,83.97,83.82,83.82,20930,0
2013-10-02,17:50:00,83.83,83.94,83.81,83.91,31290,0
2013-10-02,17:55:00,83.91,83.94,83.86,83.94,21194,0
2013-10-02,18:00:00,83.94,83.95,83.83,83.89,46419,0
2013-10-02,18:05:00,83.89,83.93,83.84,83.87,24872,0
2013-10-02,18:10:00,83.87,83.93,83.87,83.88,12026,0
2013-10-02,18:15:00,83.88,83.94,83.87,83.88,36459,0
2013-10-02,18:20:00,83.9,83.98,83.9,83.91,21734,0
2013-10-02,18:25:00,83.92,83.97,83.87,83.89,23244,0
2013-10-02,18:30:00,83.9,83.98,83.9,83.98,21518,0
2013-10-02,18:35:00,83.98,84,83.93,83.97,34523,0
2013-10-02,18:40:00,83.96,84.04,83.96,84.03,17932,0
2013-10-02,18:45:00,84.02,84.1,84.01,84.08,24793,0
2013-10-02,18:50:00,84.07,84.09,84.03,84.08,20950,0
2013-10-02,18:55:00,84.09,84.14,84.09,84.13,20224,0
2013-10-02,19:00:00,84.13,84.23,83.78,84.23,47133,0
2013-10-02,19:05:00,84.24,84.25,84.18,84.18,29767,0
2013-10-02,19:10:00,84.16,84.2,84.14,84.16,27741,0
2013-10-02,19:15:00,84.16,84.17,84.11,84.12,16297,0
2013-10-02,19:20:00,84.11,84.13,84.09,84.1,29443,0
2013-10-02,19:25:00,84.1,84.21,84.1,84.17,21230,0
2013-10-02,19:30:00,84.17,84.21,84.17,84.21,26802,0
2013-10-02,19:35:00,84.19,84.2,84.14,84.15,15631,0
2013-10-02,19:40:00,84.15,84.22,84.15,84.18,22005,0
2013-10-02,19:45:00,84.17,84.18,84.13,84.15,11735,0
2013-10-02,19:50:00,84.15,84.2,84.15,84.18,20902,0
2013-10-02,19:55:00,84.18,84.2,84.14,84.17,13890,0
2013-10-02,20:00:00,84.18,84.19,84.09,84.09,26674,0
2013-10-02,20:05:00,84.09,84.09,84.02,84.03,19957,0
2013-10-02,20:10:00,84.04,84.05,84,84.02,24328,0
2013-10-02,20:15:00,84.03,84.05,84.02,84.03,28967,0
2013-10-02,20:20:00,84.03,84.06,84.03,84.05,26132,0
2013-10-02,20:25:00,84.06,84.06,84,84.02,15083,0
2013-10-02,20:30:00,84.02,84.03,84,84.02,12371,0
2013-10-02,20:35:00,84.02,84.02,83.91,83.93,27683,0
2013-10-02,20:40:00,83.93,83.93,83.84,83.84,24768,0
2013-10-02,20:45:00,83.84,83.84,83.8,83.82,18181,0
2013-10-02,20:50:00,83.82,83.89,83.82,83.86,17453,0
2013-10-02,20:55:00,83.85,83.92,83.84,83.86,16003,0
2013-10-02,21:00:00,83.85,83.9,83.82,83.86,14754,0
2013-10-02,21:05:00,83.86,83.88,83.82,83.83,15833,0
2013-10-02,21:10:00,83.82,83.9,83.82,83.89,18581,0
2013-10-02,21:15:00,83.88,83.92,83.85,83.87,29642,0
2013-10-02,21:20:00,83.87,83.95,83.86,83.94,19894,0
2013-10-02,21:25:00,83.94,83.95,83.87,83.88,24745,0
2013-10-02,21:30:00,83.88,83.89,83.86,83.88,12610,0
2013-10-02,21:35:00,83.88,83.97,83.88,83.96,28949,0
2013-10-02,21:40:00,83.96,83.97,83.91,83.94,23735,0
2013-10-02,21:45:00,83.94,83.95,83.87,83.87,67333,0
2013-10-02,21:50:00,83.86,83.87,83.78,83.8,80264,0
2013-10-02,21:55:00,83.82,83.9,83.82,83.88,63281,0
2013-10-02,22:00:00,83.88,84.1,83.87,84.07,380886,0
2013-10-03,15:35:00,83.89,84.06,83.76,83.96,28914,0
2013-10-03,15:40:00,83.96,84.09,83.86,83.9,63117,0
2013-10-03,15:45:00,83.89,83.91,83.78,83.8,27318,0
2013-10-03,15:50:00,83.8,83.9,83.76,83.8,36715,0
2013-10-03,15:55:00,83.84,83.9,83.66,83.8,82882,0
2013-10-03,16:00:00,83.8,83.93,83.77,83.84,36158,0
2013-10-03,16:05:00,83.82,83.82,83.65,83.72,47755,0
2013-10-03,16:10:00,83.72,83.77,83.6,83.75,40805,0
2013-10-03,16:15:00,83.75,83.88,83.72,83.83,23121,0
2013-10-03,16:20:00,83.84,83.9,83.83,83.87,47781,0
2013-10-03,16:25:00,83.87,83.88,83.66,83.67,54155,0
2013-10-03,16:30:00,83.65,83.71,83.6,83.71,32744,0
2013-10-03,16:35:00,83.7,83.7,83.5,83.53,57310,0
2013-10-03,16:40:00,83.53,83.63,83.51,83.51,36366,0
2013-10-03,16:45:00,83.51,83.56,83.44,83.47,56474,0
2013-10-03,16:50:00,83.49,83.57,83.43,83.56,68964,0
2013-10-03,16:55:00,83.56,83.59,83.48,83.5,28983,0
2013-10-03,17:00:00,83.5,83.6,83.5,83.58,31289,0
2013-10-03,17:05:00,83.56,83.56,83.46,83.49,55611,0
2013-10-03,17:10:00,83.49,83.58,83.48,83.53,22195,0
2013-10-03,17:15:00,83.52,83.53,83.45,83.48,39562,0
2013-10-03,17:20:00,83.46,83.53,83.42,83.47,39837,0
2013-10-03,17:25:00,83.47,83.55,83.46,83.5,33749,0
2013-10-03,17:30:00,83.5,83.59,83.49,83.55,71314,0
2013-10-03,17:35:00,83.54,83.64,83.53,83.61,58280,0
2013-10-03,17:40:00,83.61,83.66,83.56,83.63,62564,0
2013-10-03,17:45:00,83.62,83.62,83.55,83.57,39476,0
2013-10-03,17:50:00,83.57,83.6,83.55,83.56,57577,0
2013-10-03,17:55:00,83.57,83.61,83.55,83.58,36605,0
2013-10-03,18:00:00,83.57,83.59,83.53,83.57,86979,0
2013-10-03,18:05:00,83.56,83.59,83.52,83.54,55276,0
2013-10-03,18:10:00,83.54,83.66,83.53,83.64,40491,0
2013-10-03,18:15:00,83.63,83.74,83.63,83.73,37767,0
2013-10-03,18:20:00,83.73,83.75,83.7,83.73,24213,0
2013-10-03,18:25:00,83.72,83.75,83.69,83.7,32689,0
2013-10-03,18:30:00,83.7,83.85,83.7,83.85,24615,0
2013-10-03,18:35:00,83.86,83.92,83.84,83.91,29264,0
2013-10-03,18:40:00,83.91,83.99,83.9,83.96,43855,0
2013-10-03,18:45:00,83.96,83.99,83.9,83.91,52071,0
2013-10-03,18:50:00,83.92,84.11,83.92,84.06,61676,0
2013-10-03,18:55:00,84.05,84.12,84.01,84.12,45755,0
2013-10-03,19:00:00,84.12,84.14,84.07,84.1,25934,0
2013-10-03,19:05:00,84.1,84.12,84.04,84.07,45193,0
2013-10-03,19:10:00,84.06,84.08,83.97,84.05,54754,0
2013-10-03,19:15:00,84.05,84.09,84.01,84.04,40687,0
2013-10-03,19:20:00,84.04,84.06,84,84.01,37907,0
2013-10-03,19:25:00,84,84.05,83.96,84.03,39491,0
2013-10-03,19:30:00,84.04,84.21,84.04,84.16,80541,0
2013-10-03,19:35:00,84.18,84.22,84.13,84.19,67795,0
2013-10-03,19:40:00,84.19,84.25,84.17,84.17,51812,0
2013-10-03,19:45:00,84.17,84.27,84.17,84.18,35181,0
2013-10-03,19:50:00,84.18,84.21,84.1,84.1,22514,0
2013-10-03,19:55:00,84.11,84.11,83.91,83.91,30149,0
2013-10-03,20:00:00,83.91,84.02,83.88,84.02,59087,0
2013-10-03,20:05:00,84.02,84.07,83.99,84.05,24706,0
2013-10-03,20:10:00,84.04,84.04,83.95,84.02,30088,0
2013-10-03,20:15:00,84.02,84.05,83.98,84.05,39926,0
2013-10-03,20:20:00,84.04,84.08,84.01,84.06,55256,0
2013-10-03,20:25:00,84.05,84.05,83.77,83.78,68796,0
2013-10-03,20:30:00,83.78,84.11,83.78,84.07,76959,0
2013-10-03,20:35:00,84.08,84.09,83.91,83.94,47174,0
2013-10-03,20:40:00,83.95,84.04,83.95,84.02,51949,0
2013-10-03,20:45:00,84.02,84.13,83.99,84.08,38155,0
2013-10-03,20:50:00,84.08,84.13,84.07,84.07,46352,0
2013-10-03,20:55:00,84.07,84.11,84.02,84.02,37630,0
2013-10-03,21:00:00,84.02,84.06,83.97,83.97,23204,0
2013-10-03,21:05:00,83.96,83.96,83.88,83.9,26522,0
2013-10-03,21:10:00,83.9,83.94,83.87,83.87,34357,0
2013-10-03,21:15:00,83.87,83.9,83.85,83.87,33683,0
2013-10-03,21:20:00,83.87,83.9,83.85,83.89,30289,0
2013-10-03,21:25:00,83.88,83.95,83.86,83.88,36551,0
2013-10-03,21:30:00,83.88,83.95,83.86,83.93,28656,0
2013-10-03,21:35:00,83.93,83.93,83.88,83.91,38301,0
2013-10-03,21:40:00,83.9,83.93,83.88,83.91,37435,0
2013-10-03,21:45:00,83.9,83.93,83.85,83.93,58757,0
2013-10-03,21:50:00,83.94,84.04,83.91,83.95,169960,0
2013-10-03,21:55:00,83.95,84.05,83.95,84.04,135885,0
2013-10-03,22:00:00,84.05,84.07,83.89,83.97,659376,0
2013-10-04,15:35:00,83.97,84.1,83.82,83.93,50703,0
2013-10-04,15:40:00,83.9,84.1,83.86,84,36139,0
2013-10-04,15:45:00,83.99,83.99,83.7,83.72,56412,0
2013-10-04,15:50:00,83.72,83.82,83.66,83.81,61919,0
2013-10-04,15:55:00,83.82,83.82,83.68,83.79,35802,0
2013-10-04,16:00:00,83.79,83.86,83.73,83.85,36455,0
2013-10-04,16:05:00,83.86,83.89,83.78,83.87,34574,0
2013-10-04,16:10:00,83.87,84.03,83.81,84.03,40004,0
2013-10-04,16:15:00,84.01,84.05,83.93,83.96,41878,0
2013-10-04,16:20:00,83.97,83.97,83.81,83.82,29802,0
2013-10-04,16:25:00,83.83,83.96,83.8,83.96,73189,0
2013-10-04,16:30:00,83.96,84.05,83.92,83.92,45945,0
2013-10-04,16:35:00,83.93,83.96,83.89,83.93,19900,0
2013-10-04,16:40:00,83.92,83.99,83.81,83.85,33867,0
2013-10-04,16:45:00,83.84,83.89,83.7,83.74,32346,0
2013-10-04,16:50:00,83.74,83.84,83.72,83.75,27203,0
2013-10-04,16:55:00,83.74,83.77,83.72,83.72,32391,0
2013-10-04,17:00:00,83.72,83.75,83.69,83.7,25224,0
2013-10-04,17:05:00,83.7,83.71,83.6,83.64,27669,0
2013-10-04,17:10:00,83.65,83.74,83.62,83.63,56995,0
2013-10-04,17:15:00,83.63,83.73,83.62,83.72,38360,0
2013-10-04,17:20:00,83.71,83.73,83.65,83.73,21160,0
2013-10-04,17:25:00,83.72,83.72,83.55,83.59,42434,0
2013-10-04,17:30:00,83.59,83.68,83.58,83.58,57671,0
2013-10-04,17:35:00,83.59,83.65,83.58,83.59,35439,0
2013-10-04,17:40:00,83.57,83.72,83.54,83.72,50101,0
2013-10-04,17:45:00,83.72,83.85,83.72,83.84,27397,0
2013-10-04,17:50:00,83.85,83.99,83.84,83.99,33105,0
2013-10-04,17:55:00,83.99,84.11,83.96,84.1,91203,0
2013-10-04,18:00:00,84.1,84.24,84.08,84.22,42111,0
2013-10-04,18:05:00,84.21,84.24,84.15,84.16,71294,0
2013-10-04,18:10:00,84.15,84.23,84.15,84.16,47686,0
2013-10-04,18:15:00,84.17,84.17,84.07,84.11,28026,0
2013-10-04,18:20:00,84.11,84.21,84.11,84.21,18429,0
2013-10-04,18:25:00,84.22,84.25,84.18,84.18,18717,0
2013-10-04,18:30:00,84.2,84.26,84.18,84.26,46094,0
2013-10-04,18:35:00,84.25,84.28,84.22,84.26,21138,0
2013-10-04,18:40:00,84.27,84.3,84.25,84.28,17666,0
2013-10-04,18:45:00,84.28,84.33,84.27,84.3,26224,0
2013-10-04,18:50:00,84.3,84.34,84.23,84.25,55761,0
2013-10-04,18:55:00,84.25,84.25,84.2,84.23,17743,0
2013-10-04,19:00:00,84.23,84.23,84.11,84.11,34883,0
2013-10-04,19:05:00,84.12,84.16,84.1,84.13,16305,0
2013-10-04,19:10:00,84.13,84.18,84.13,84.18,18738,0
2013-10-04,19:15:00,84.19,84.21,84.17,84.18,20015,0
2013-10-04,19:20:00,84.19,84.2,84.13,84.18,9778,0
2013-10-04,19:25:00,84.19,84.22,84.13,84.13,17087,0
2013-10-04,19:30:00,84.12,84.17,84.11,84.15,11890,0
2013-10-04,19:35:00,84.15,84.18,84.15,84.18,10630,0
2013-10-04,19:40:00,84.18,84.18,84.15,84.16,9111,0
2013-10-04,19:45:00,84.16,84.16,84.12,84.13,14303,0
2013-10-04,19:50:00,84.14,84.14,84,84.04,44384,0
2013-10-04,19:55:00,84.04,84.14,84.03,84.14,25844,0
2013-10-04,20:00:00,84.14,84.14,84.03,84.03,23553,0
2013-10-04,20:05:00,84.04,84.13,84.03,84.07,16903,0
2013-10-04,20:10:00,84.08,84.15,84.08,84.15,11334,0
2013-10-04,20:15:00,84.15,84.21,84.15,84.19,16157,0
2013-10-04,20:20:00,84.2,84.21,84.15,84.16,19345,0
2013-10-04,20:25:00,84.16,84.17,84.08,84.17,21201,0
2013-10-04,20:30:00,84.16,84.18,84.12,84.18,42606,0
2013-10-04,20:35:00,84.18,84.2,84.12,84.19,47132,0
2013-10-04,20:40:00,84.19,84.21,84.16,84.21,45632,0
2013-10-04,20:45:00,84.22,84.23,84.12,84.16,62684,0
2013-10-04,20:50:00,84.17,84.24,84.13,84.23,52818,0
2013-10-04,20:55:00,84.24,84.29,84.23,84.28,13729,0
2013-10-04,21:00:00,84.28,84.35,84.27,84.31,45218,0
2013-10-04,21:05:00,84.31,84.34,84.24,84.24,45684,0
2013-10-04,21:10:00,84.25,84.3,84.23,84.27,33863,0
2013-10-04,21:15:00,84.28,84.34,84.28,84.33,33803,0
2013-10-04,21:20:00,84.33,84.33,84.28,84.31,35446,0
2013-10-04,21:25:00,84.31,84.31,84.21,84.22,39211,0
2013-10-04,21:30:00,84.22,84.25,84.2,84.23,17942,0
2013-10-04,21:35:00,84.23,84.25,84.17,84.18,27888,0
2013-10-04,21:40:00,84.18,84.19,84.12,84.13,48367,0
2013-10-04,21:45:00,84.13,84.14,84.01,84.02,69309,0
2013-10-04,21:50:00,84.02,84.15,84.01,84.15,85715,0
2013-10-04,21:55:00,84.15,84.15,84.05,84.09,83711,0
2013-10-04,22:00:00,84.1,84.22,84.06,84.2,406303,0
