Date,Time,Open,High,Low,Close,Volume,OpenInt
2013-09-26,15:35:00,878.3,880.9,877.46,879.81,64674,0
2013-09-26,15:40:00,879.857,882.49,879.857,880.44,38617,0
2013-09-26,15:45:00,880.33,881.14,879.25,879.46,20719,0
2013-09-26,15:50:00,879.51,879.995,879.03,879.56,10590,0
2013-09-26,15:55:00,879.81,879.81,876.64,877.02,33797,0
2013-09-26,16:00:00,877.02,878.51,876.6,878.11,28080,0
2013-09-26,16:05:00,878.34,879.15,877.78,878.16,15176,0
2013-09-26,16:10:00,878.3,880,878.3,879.99,15868,0
2013-09-26,16:15:00,879.56,880.33,879.385,880.01,60797,0
2013-09-26,16:20:00,880.03,881.83,879.68,881.83,25662,0
2013-09-26,16:25:00,881.605,882.75,880.84,881.461,19489,0
2013-09-26,16:30:00,881.235,881.77,880.85,881.71,13694,0
2013-09-26,16:35:00,881.85,882.42,881.15,881.378,11082,0
2013-09-26,16:40:00,881.21,881.74,880.61,881.04,8965,0
2013-09-26,16:45:00,880.8,881.3,879.76,879.76,13411,0
2013-09-26,16:50:00,879.76,879.76,877.51,878.36,25808,0
2013-09-26,16:55:00,878.37,878.73,877.57,877.59,27700,0
2013-09-26,17:00:00,877.86,878.34,877.29,878,16263,0
2013-09-26,17:05:00,878.26,878.26,877,877.22,13755,0
2013-09-26,17:10:00,877.22,877.54,876.43,877.54,24511,0
2013-09-26,17:15:00,877.57,877.7,876.81,877.49,8569,0
2013-09-26,17:20:00,877.39,877.43,875.6,876.451,26151,0
2013-09-26,17:25:00,876.34,878,875.73,877.81,11023,0
2013-09-26,17:30:00,877.991,878.84,877.52,877.74,10987,0
2013-09-26,17:35:00,877.64,878.52,877.38,877.52,7167,0
2013-09-26,17:40:00,877.765,877.765,876.81,877.01,8783,0
2013-09-26,17:45:00,877.01,877.84,877.01,877.84,5850,0
2013-09-26,17:50:00,877.65,878.29,877.65,877.97,8845,0
2013-09-26,17:55:00,877.77,877.975,877.08,877.93,3982,0
2013-09-26,18:00:00,877.87,878.63,877.79,878.41,9616,0
2013-09-26,18:05:00,878.58,878.999,878.2,878.33,6711,0
2013-09-26,18:10:00,878.48,878.67,877.92,878.3,5500,0
2013-09-26,18:15:00,878.09,878.45,877.991,878.42,6507,0
2013-09-26,18:20:00,878.34,878.361,877.26,877.59,5628,0
2013-09-26,18:25:00,877.86,878.42,877.85,878.39,3906,0
2013-09-26,18:30:00,878.44,879.14,878.24,879.08,5989,0
2013-09-26,18:35:00,879.14,880.7,879.03,880.1,21531,0
2013-09-26,18:40:00,880.24,880.25,879.5,879.5,4819,0
2013-09-26,18:45:00,879.29,879.929,879.28,879.57,2000,0
2013-09-26,18:50:00,879.85,880.42,879.57,879.8,6720,0
2013-09-26,18:55:00,879.47,879.67,878.91,878.93,4484,0
2013-09-26,19:00:00,878.88,879.28,878.5,878.71,6987,0
2013-09-26,19:05:00,879.2,879.215,878.88,878.88,2473,0
2013-09-26,19:10:00,878.92,880.142,878.92,879.46,6007,0
2013-09-26,19:15:00,879.35,880.09,879.01,879.81,22595,0
2013-09-26,19:20:00,879.85,880,879.05,879.13,5598,0
2013-09-26,19:25:00,879.39,879.8,879.025,879.718,18689,0
2013-09-26,19:30:00,879.584,879.936,879.04,879.62,7648,0
2013-09-26,19:35:00,879.553,879.719,878.42,878.56,5020,0
2013-09-26,19:40:00,878.26,878.61,877.76,878.03,5525,0
2013-09-26,19:45:00,878.15,878.71,877.76,877.97,5211,0
2013-09-26,19:50:00,877.83,878.25,877.12,878.25,8068,0
2013-09-26,19:55:00,878.25,878.409,877.22,877.44,8520,0
2013-09-26,20:00:00,877.705,879.29,877.62,878.93,6832,0
2013-09-26,20:05:00,878.74,879.06,877.141,878,14526,0
2013-09-26,20:10:00,877.95,878.04,877.05,878.04,8279,0
2013-09-26,20:15:00,877.9,878.064,877.24,877.7,9268,0
2013-09-26,20:20:00,877.63,878.29,877.38,877.8,5400,0
2013-09-26,20:25:00,877.875,878.18,877.03,878.07,4331,0
2013-09-26,20:30:00,878.01,878.2,877.13,877.31,8790,0
2013-09-26,20:35:00,877.19,877.55,876.66,877.05,8695,0
2013-09-26,20:40:00,877.23,877.23,876.46,876.71,7371,0
2013-09-26,20:45:00,876.5,876.61,875.28,876.35,26897,0
2013-09-26,20:50:00,876.12,876.19,875.147,875.94,10578,0
2013-09-26,20:55:00,875.99,876.12,875.02,875.1,19299,0
2013-09-26,21:00:00,875.34,876.21,875.215,875.939,8153,0
2013-09-26,21:05:00,875.72,876.24,875.26,875.84,10276,0
2013-09-26,21:10:00,875.86,876.81,875.52,876.33,9862,0
2013-09-26,21:15:00,876.21,876.24,875,875.01,11919,0
2013-09-26,21:20:00,875.026,875.52,875.01,875.34,9753,0
2013-09-26,21:25:00,875.33,876.13,875.2,875.54,13464,0
2013-09-26,21:30:00,875.71,875.79,875.07,875.41,12415,0
2013-09-26,21:35:00,875.25,876.2,875,875.634,23064,0
2013-09-26,21:40:00,875.685,876.88,875.685,876.508,24897,0
2013-09-26,21:45:00,876.424,877.11,876.15,876.55,18120,0
2013-09-26,21:50:00,876.62,877.4,876,877.32,29297,0
2013-09-26,21:55:00,877.29,878,876,876,27831,0
2013-09-26,22:00:00,876.02,878.4,875.83,878.17,98552,0
2013-09-27,15:35:00,874.97,876,873.98,874.02,30447,0
2013-09-27,15:40:00,874.05,874.48,872.9,873.346,25767,0
2013-09-27,15:45:00,872.9,873.86,872.56,873.56,19417,0
2013-09-27,15:50:00,873.38,874,872.79,873.4,18953,0
2013-09-27,15:55:00,873.45,873.83,873,873.83,13776,0
2013-09-27,16:00:00,873.88,873.91,872,872.05,26147,0
2013-09-27,16:05:00,872.125,872.24,871.31,872,35995,0
2013-09-27,16:10:00,871.85,872.51,871.84,872.35,21579,0
2013-09-27,16:15:00,872.37,873,872.06,872.92,8617,0
2013-09-27,16:20:00,873.17,874.76,873.043,873.814,30776,0
2013-09-27,16:25:00,873.62,874.28,873.37,873.51,52695,0
2013-09-27,16:30:00,873.849,873.86,873.17,873.41,11596,0
2013-09-27,16:35:00,873.51,874.53,872.88,874.34,43571,0
2013-09-27,16:40:00,874.5,875,874,874.03,13749,0
2013-09-27,16:45:00,874.39,874.82,874.153,874.37,20573,0
2013-09-27,16:50:00,874.53,875.07,873.92,873.98,9985,0
2013-09-27,16:55:00,874.09,874.57,873.21,873.45,15687,0
2013-09-27,17:00:00,873.425,873.6,873.11,873.6,18032,0
2013-09-27,17:05:00,873.57,873.83,873.172,873.35,6701,0
2013-09-27,17:10:00,873.3,873.301,872.664,873,7200,0
2013-09-27,17:15:00,872.95,873.37,872.67,872.87,8435,0
2013-09-27,17:20:00,872.77,873.33,872.72,873.2,3830,0
2013-09-27,17:25:00,872.9,873.32,872.77,873.32,7026,0
2013-09-27,17:30:00,873.11,874.15,873.03,873.56,9085,0
2013-09-27,17:35:00,874.1,874.25,873.77,873.8,8698,0
2013-09-27,17:40:00,873.8,875.17,873.67,874.47,11100,0
2013-09-27,17:45:00,874.4,874.46,874.01,874.275,9628,0
2013-09-27,17:50:00,874.33,874.33,873.59,873.82,2680,0
2013-09-27,17:55:00,873.88,874.645,873.75,874.44,10141,0
2013-09-27,18:00:00,874.5,874.68,873.78,873.83,8731,0
2013-09-27,18:05:00,873.84,874.32,873.53,874.32,5631,0
2013-09-27,18:10:00,874.06,874.607,874.04,874.33,3500,0
2013-09-27,18:15:00,873.96,874.12,873.63,874.08,2500,0
2013-09-27,18:20:00,874.13,874.43,873.8,874.43,3606,0
2013-09-27,18:25:00,874.7,874.93,874.145,874.23,5437,0
2013-09-27,18:30:00,874.55,874.7,874.18,874.22,4194,0
2013-09-27,18:35:00,874.22,874.93,873.84,874.93,2648,0
2013-09-27,18:40:00,874.78,874.78,874.17,874.17,5591,0
2013-09-27,18:45:00,874.34,874.68,874.068,874.43,7737,0
2013-09-27,18:50:00,874.19,874.29,873.69,873.82,13276,0
2013-09-27,18:55:00,873.944,874.466,873.944,874.425,7674,0
2013-09-27,19:00:00,874.44,874.69,874.28,874.383,6300,0
2013-09-27,19:05:00,874.38,874.92,874.241,874.52,8530,0
2013-09-27,19:10:00,874.5,875,874.4,874.76,11654,0
2013-09-27,19:15:00,874.621,875.53,874.621,875.53,11314,0
2013-09-27,19:20:00,875.53,875.75,875.15,875.23,12967,0
2013-09-27,19:25:00,875.18,875.4,875,875.29,9176,0
2013-09-27,19:30:00,875.11,875.33,874.69,874.84,6370,0
2013-09-27,19:35:00,874.79,874.8,874.44,874.5,5400,0
2013-09-27,19:40:00,874.4,874.72,874.09,874.54,9389,0
2013-09-27,19:45:00,874.54,874.85,874.47,874.64,4900,0
2013-09-27,19:50:00,874.65,874.98,874.64,874.808,9086,0
2013-09-27,19:55:00,874.67,875.105,874.67,875.025,4000,0
2013-09-27,20:00:00,875.04,875.05,874.74,875.01,4700,0
2013-09-27,20:05:00,874.815,875.47,874.815,875.29,10914,0
2013-09-27,20:10:00,875.14,875.45,874.57,874.785,16576,0
2013-09-27,20:15:00,874.614,875.05,874.26,874.97,10162,0
2013-09-27,20:20:00,874.78,875.02,874.44,874.78,5872,0
2013-09-27,20:25:00,874.8,875.052,874.72,874.93,8815,0
2013-09-27,20:30:00,874.95,875.08,874.825,874.92,8319,0
2013-09-27,20:35:00,874.92,875.086,874.59,874.66,10785,0
2013-09-27,20:40:00,874.795,875.27,874.5,875.14,8023,0
2013-09-27,20:45:00,875.11,875.41,874.932,875.395,8600,0
2013-09-27,20:50:00,875.24,875.478,874.99,875.23,11383,0
2013-09-27,20:55:00,875,875.434,874.86,875.3,7282,0
2013-09-27,21:00:00,875.38,875.48,874.56,874.83,9555,0
2013-09-27,21:05:00,875.09,875.6,874.99,875.06,21585,0
2013-09-27,21:10:00,875.005,875.5,874.84,875.478,15656,0
2013-09-27,21:15:00,875.33,875.59,875.21,875.3,9424,0
2013-09-27,21:20:00,875.42,875.7,875.38,875.63,12974,0
2013-09-27,21:25:00,875.71,875.71,875.345,875.54,14255,0
2013-09-27,21:30:00,875.45,876.58,875.44,876.369,30991,0
2013-09-27,21:35:00,876.3,876.35,875.83,876.15,23627,0
2013-09-27,21:40:00,876.21,876.79,875.89,876.42,17655,0
2013-09-27,21:45:00,876.53,877.21,876.5,877.02,38736,0
2013-09-27,21:50:00,877.14,877.15,875.88,876.47,33385,0
2013-09-27,21:55:00,876.59,877.44,876.59,877.409,36536,0
2013-09-27,22:00:00,877.38,877.52,876.01,876.39,116009,0
2013-09-30,15:35:00,869.08,871.84,868.31,871.41,93798,0
2013-09-30,15:40:00,871.1,871.69,869.39,870.9,32170,0
2013-09-30,15:45:00,871.43,873.43,870.91,872.44,18639,0
2013-09-30,15:50:00,872.315,874,872.31,872.625,25553,0
2013-09-30,15:55:00,872.79,873.02,871.37,872.79,28527,0
2013-09-30,16:00:00,872.75,874.25,872.01,873.753,37560,0
2013-09-30,16:05:00,873.58,874.17,873.145,873.52,21094,0
2013-09-30,16:10:00,873.4,873.53,872.64,872.79,16098,0
2013-09-30,16:15:00,872.81,873.35,871.75,872.41,13419,0
2013-09-30,16:20:00,872.64,874.55,872.41,874.4,31924,0
2013-09-30,16:25:00,874.41,875.99,873.75,875.92,13529,0
2013-09-30,16:30:00,875.52,878.87,875.47,878.01,41940,0
2013-09-30,16:35:00,878.01,879.01,876.58,877.368,24152,0
2013-09-30,16:40:00,877.14,878.25,876.915,878.25,11490,0
2013-09-30,16:45:00,878.29,880.44,878.15,878.8,19609,0
2013-09-30,16:50:00,878.79,879.67,877.818,878.01,14288,0
2013-09-30,16:55:00,878.34,879.63,877.44,877.8,14110,0
2013-09-30,17:00:00,877.69,879.18,877.64,878.61,7275,0
2013-09-30,17:05:00,878.555,879.125,878.08,878.44,6722,0
2013-09-30,17:10:00,878.1,878.75,877.8,877.8,4526,0
2013-09-30,17:15:00,877.93,878.05,876.3,876.35,16327,0
2013-09-30,17:20:00,876.365,877.04,876,876.81,10218,0
2013-09-30,17:25:00,877.12,877.62,876.56,876.56,5848,0
2013-09-30,17:30:00,876.85,877.16,876.4,876.75,5207,0
2013-09-30,17:35:00,877.18,878.262,877.16,877.43,13820,0
2013-09-30,17:40:00,878.013,878.49,877.87,878.48,7953,0
2013-09-30,17:45:00,878.17,878.85,878.08,878.79,6836,0
2013-09-30,17:50:00,878.889,879.39,878,878,8375,0
2013-09-30,17:55:00,878.087,879.03,878.087,878.83,17878,0
2013-09-30,18:00:00,878.91,879.5,878.35,879.5,40034,0
2013-09-30,18:05:00,879.5,879.63,877.44,877.98,44507,0
2013-09-30,18:10:00,877.98,878.24,877.32,877.5,51633,0
2013-09-30,18:15:00,877.37,877.9,877.01,877.886,49316,0
2013-09-30,18:20:00,877.62,878,877.26,877.43,23801,0
2013-09-30,18:25:00,877.7,877.76,876.97,877.257,16587,0
2013-09-30,18:30:00,876.945,877.25,876.94,877.16,2294,0
2013-09-30,18:35:00,877.25,878.09,877.25,877.65,3715,0
2013-09-30,18:40:00,877.82,878.243,877.75,878.243,2141,0
2013-09-30,18:45:00,878.1,878.64,877.39,878.24,7273,0
2013-09-30,18:50:00,878.21,878.5,878.06,878.06,4437,0
2013-09-30,18:55:00,878.08,878.111,877.33,877.5,3497,0
2013-09-30,19:00:00,877.49,877.64,877.25,877.4,2000,0
2013-09-30,19:05:00,877.6,878.88,877.23,878.18,13817,0
2013-09-30,19:10:00,878.38,879.67,878.38,879.39,11953,0
2013-09-30,19:15:00,879.45,879.67,878.51,878.537,12037,0
2013-09-30,19:20:00,878.56,880.84,878.55,880.107,26136,0
2013-09-30,19:25:00,880.01,880.398,878.8,878.97,10127,0
2013-09-30,19:30:00,878.945,879.18,878.203,878.252,7520,0
2013-09-30,19:35:00,878.72,879.32,878.56,879.22,3403,0
2013-09-30,19:40:00,879.896,880.26,879.1,879.18,18703,0
2013-09-30,19:45:00,879.37,879.825,878.928,878.928,6898,0
2013-09-30,19:50:00,878.985,879.53,878.985,879.505,3798,0
2013-09-30,19:55:00,879.32,879.38,878,878.21,7774,0
2013-09-30,20:00:00,878,878.14,876.46,877.16,14880,0
2013-09-30,20:05:00,877.14,877.71,877.083,877.305,8414,0
2013-09-30,20:10:00,877.284,877.96,876.895,877.75,6718,0
2013-09-30,20:15:00,877.99,878.27,877.18,877.87,5899,0
2013-09-30,20:20:00,878.01,878.02,876.93,876.941,4243,0
2013-09-30,20:25:00,877.162,877.658,876.36,877.06,7640,0
2013-09-30,20:30:00,877.06,878.06,876.86,877.95,6934,0
2013-09-30,20:35:00,877.74,878.616,877.56,878.28,7231,0
2013-09-30,20:40:00,878.27,878.792,877.83,878.162,4601,0
2013-09-30,20:45:00,878.266,878.279,877.33,877.57,5084,0
2013-09-30,20:50:00,877.7,878.99,877.7,878.61,5171,0
2013-09-30,20:55:00,878.842,878.91,877.955,877.955,4683,0
2013-09-30,21:00:00,877.93,878.168,876.75,877.04,10277,0
2013-09-30,21:05:00,876.97,877.057,875.59,875.62,10226,0
2013-09-30,21:10:00,875.62,877.15,875.62,876.75,12447,0
2013-09-30,21:15:00,876.91,876.97,875.13,875.428,14407,0
2013-09-30,21:20:00,875.52,876.09,874.96,875.97,23948,0
2013-09-30,21:25:00,876.2,876.983,875.581,876.76,7109,0
2013-09-30,21:30:00,876.68,876.91,876.09,876.09,13299,0
2013-09-30,21:35:00,876.09,876.26,874.988,875.52,21791,0
2013-09-30,21:40:00,875.61,876,874.81,875.4,25532,0
2013-09-30,21:45:00,875.4,875.5,874.52,874.99,14969,0
2013-09-30,21:50:00,875,876.33,873.99,874.32,31183,0
2013-09-30,21:55:00,874.26,875.29,873.92,874.83,36339,0
2013-09-30,22:00:00,874.65,876.88,874.56,875.91,330105,0
2013-10-01,15:35:00,880.25,887.67,880.13,885.37,170108,0
2013-10-01,15:40:00,885.98,885.98,882.597,882.75,43738,0
2013-10-01,15:45:00,882.86,883.75,882.34,883.17,30695,0
2013-10-01,15:50:00,883.096,883.096,881.79,882.45,32830,0
2013-10-01,15:55:00,882.31,883.09,882.31,882.58,91900,0
2013-10-01,16:00:00,882.612,882.999,882.012,882.73,42040,0
2013-10-01,16:05:00,882.39,884.5,882.34,884.47,60497,0
2013-10-01,16:10:00,884.685,885.133,884.45,884.5,23705,0
2013-10-01,16:15:00,884.885,885,882.84,883.37,27325,0
2013-10-01,16:20:00,883.77,884.48,883.37,884.48,15285,0
2013-10-01,16:25:00,884.48,885,883.62,884.94,22960,0
2013-10-01,16:30:00,884.97,885.08,884.25,884.25,20622,0
2013-10-01,16:35:00,884.68,886,884.68,886,15635,0
2013-10-01,16:40:00,885.98,886.07,884.77,885.92,13173,0
2013-10-01,16:45:00,885.92,886.56,885.51,885.91,16906,0
2013-10-01,16:50:00,886.345,886.345,885.41,886.04,16663,0
2013-10-01,16:55:00,886.05,886.3,885.79,885.855,19587,0
2013-10-01,17:00:00,886.16,886.68,886,886.065,25164,0
2013-10-01,17:05:00,886.19,886.68,886,886.525,22764,0
2013-10-01,17:10:00,886.66,886.892,886.01,886.03,24965,0
2013-10-01,17:15:00,886.03,886.33,885.7,885.83,22104,0
2013-10-01,17:20:00,885.89,885.89,884.64,884.692,23700,0
2013-10-01,17:25:00,884.77,885.87,884.77,885.45,11346,0
2013-10-01,17:30:00,885.69,885.75,884.51,884.59,6930,0
2013-10-01,17:35:00,884.95,885.66,884.62,885.66,8000,0
2013-10-01,17:40:00,885.28,885.33,884.001,884.44,8982,0
2013-10-01,17:45:00,884.65,885.2,884.542,885.18,12636,0
2013-10-01,17:50:00,885.12,885.16,884.695,885.01,5018,0
2013-10-01,17:55:00,884.75,885.1,884.51,884.96,3938,0
2013-10-01,18:00:00,885.13,885.24,884.05,884.34,7440,0
2013-10-01,18:05:00,884.37,884.78,884.29,884.55,3956,0
2013-10-01,18:10:00,884.43,884.6,884.182,884.6,3370,0
2013-10-01,18:15:00,884.505,884.68,883.81,884,15161,0
2013-10-01,18:20:00,884.06,884.53,883.79,884.3,5362,0
2013-10-01,18:25:00,883.97,884.85,883.946,884.48,12677,0
2013-10-01,18:30:00,884.53,885.4,884.43,884.59,17935,0
2013-10-01,18:35:00,884.98,884.98,883.357,883.57,12082,0
2013-10-01,18:40:00,883.361,883.86,883.16,883.54,7266,0
2013-10-01,18:45:00,883.69,883.91,883.4,883.62,4200,0
2013-10-01,18:50:00,883.43,884.285,883.12,884.059,7219,0
2013-10-01,18:55:00,884.04,884.33,883.94,884.01,5244,0
2013-10-01,19:00:00,884.1,884.1,883.527,884.03,21431,0
2013-10-01,19:05:00,883.93,884.42,883.69,884.42,35042,0
2013-10-01,19:10:00,884.43,885.36,884.24,885.3,17550,0
2013-10-01,19:15:00,885.21,885.79,885,885.206,20502,0
2013-10-01,19:20:00,885.061,885.8,885.061,885.482,6585,0
2013-10-01,19:25:00,885.63,885.69,885.33,885.38,8329,0
2013-10-01,19:30:00,885.36,885.79,885.17,885.69,23143,0
2013-10-01,19:35:00,885.63,886.02,885.54,886,8288,0
2013-10-01,19:40:00,885.98,886,885.51,885.751,5058,0
2013-10-01,19:45:00,885.91,886.02,885.43,885.49,23019,0
2013-10-01,19:50:00,885.51,885.61,884.91,884.93,5624,0
2013-10-01,19:55:00,884.71,885.4,884.71,885.17,6000,0
2013-10-01,20:00:00,884.92,885.75,884.85,885.7,5632,0
2013-10-01,20:05:00,885.7,886.17,885.05,886.15,36658,0
2013-10-01,20:10:00,886.1,886.68,885.87,886.54,10700,0
2013-10-01,20:15:00,886.45,886.98,886.36,886.78,7157,0
2013-10-01,20:20:00,886.735,886.89,886.28,886.44,7600,0
2013-10-01,20:25:00,886.8,887.2,886.42,886.42,15469,0
2013-10-01,20:30:00,886.32,886.404,884.26,884.76,12715,0
2013-10-01,20:35:00,884.71,885.35,884.5,884.81,10096,0
2013-10-01,20:40:00,884.74,884.82,883.83,884.815,13673,0
2013-10-01,20:45:00,884.59,885.16,884.45,885.14,5000,0
2013-10-01,20:50:00,884.94,885.48,884.5,885.3,6030,0
2013-10-01,20:55:00,885.31,885.51,884.61,885.42,7597,0
2013-10-01,21:00:00,885.18,885.94,884.87,885.52,10204,0
2013-10-01,21:05:00,885.53,886.09,884.64,885.83,10722,0
2013-10-01,21:10:00,885.89,886.34,885.34,885.61,43564,0
2013-10-01,21:15:00,886,886.4,885.71,885.71,8354,0
2013-10-01,21:20:00,885.715,886.35,885.4,886.01,13651,0
2013-10-01,21:25:00,886.316,886.316,884.92,885.33,20294,0
2013-10-01,21:30:00,885.23,885.495,885.06,885.22,10774,0
2013-10-01,21:35:00,885.19,885.85,884.92,885.72,12574,0
2013-10-01,21:40:00,885.77,886.51,885.65,886.1,20086,0
2013-10-01,21:45:00,885.937,886.65,885.937,886.45,21208,0
2013-10-01,21:50:00,886.21,886.29,884.76,885.82,33779,0
2013-10-01,21:55:00,885.78,886.38,885.01,885.87,36018,0
2013-10-01,22:00:00,885.94,887.63,885.53,887.004,124094,0
2013-10-02,15:35:00,882.73,884.23,881,883.5,78938,0
2013-10-02,15:40:00,883.28,884.36,882,882.003,37452,0
2013-10-02,15:45:00,882.55,883.406,881,883.05,35120,0
2013-10-02,15:50:00,882.79,883.67,881.92,882.1,36755,0
2013-10-02,15:55:00,881.8,882.99,880.2,882.718,72172,0
2013-10-02,16:00:00,882.23,882.766,880.55,882.53,28571,0
2013-10-02,16:05:00,882.07,882.13,880.72,881.17,29219,0
2013-10-02,16:10:00,880.768,880.97,878.42,878.47,38654,0
2013-10-02,16:15:00,878.12,879.61,877.82,879.49,28251,0
2013-10-02,16:20:00,879.44,880.7,878.48,880.144,18256,0
2013-10-02,16:25:00,879.66,880.86,879.27,880.85,20222,0
2013-10-02,16:30:00,880.5,880.9,880,880.64,5703,0
2013-10-02,16:35:00,880.3,880.38,879,880.38,18055,0
2013-10-02,16:40:00,880.22,881.355,879.44,880.89,17661,0
2013-10-02,16:45:00,880.972,881.342,880.6,881.015,12902,0
2013-10-02,16:50:00,881.015,881.76,880.79,881.19,11214,0
2013-10-02,16:55:00,881.19,881.74,880.85,881.74,12463,0
2013-10-02,17:00:00,881.7,883.5,881.63,882.615,28897,0
2013-10-02,17:05:00,882.61,883.125,881.98,882.31,14170,0
2013-10-02,17:10:00,882.345,882.78,882.07,882.41,6446,0
2013-10-02,17:15:00,882.57,883,882.34,882.867,7537,0
2013-10-02,17:20:00,882.75,885.23,882.75,884.62,37699,0
2013-10-02,17:25:00,884.58,884.75,883.701,883.86,13090,0
2013-10-02,17:30:00,884,884.29,882.6,882.97,12687,0
2013-10-02,17:35:00,883.072,883.87,882.94,882.94,30841,0
2013-10-02,17:40:00,882.82,883.37,882.81,883.21,16205,0
2013-10-02,17:45:00,882.91,883.27,882.27,882.75,9365,0
2013-10-02,17:50:00,882.73,884.24,882.56,884.03,11301,0
2013-10-02,17:55:00,883.85,884.68,883.52,884.1,12068,0
2013-10-02,18:00:00,884.1,884.572,883.83,884.36,6925,0
2013-10-02,18:05:00,884.51,886.1,884.32,885.98,12385,0
2013-10-02,18:10:00,885.98,886.11,885.23,885.77,13789,0
2013-10-02,18:15:00,885.61,885.87,885.13,885.165,3428,0
2013-10-02,18:20:00,885.48,886.33,885.25,885.28,13747,0
2013-10-02,18:25:00,885.12,885.914,884.55,884.63,14761,0
2013-10-02,18:30:00,884.632,884.73,883.44,884.22,13657,0
2013-10-02,18:35:00,884.229,885.2,884.225,885.03,5145,0
2013-10-02,18:40:00,884.88,885.71,884.88,885.5,3460,0
2013-10-02,18:45:00,885.72,886.34,885.52,886.19,8156,0
2013-10-02,18:50:00,886.151,886.2,885.47,885.66,21362,0
2013-10-02,18:55:00,885.304,885.892,885.304,885.597,3400,0
2013-10-02,19:00:00,885.71,886.02,885.71,885.8,6125,0
2013-10-02,19:05:00,886,886.39,885.69,886.162,7158,0
2013-10-02,19:10:00,886.13,886.21,885.66,886.02,2900,0
2013-10-02,19:15:00,886.32,886.95,885.29,885.3,8093,0
2013-10-02,19:20:00,885.59,885.99,884.361,884.361,16588,0
2013-10-02,19:25:00,884.5,885.81,884.22,885.81,6385,0
2013-10-02,19:30:00,885.99,887.19,885.81,886.83,14358,0
2013-10-02,19:35:00,886.5,886.55,885.9,886.105,7339,0
2013-10-02,19:40:00,886.29,887.09,886.02,886.925,25141,0
2013-10-02,19:45:00,887.1,887.11,886.67,886.834,7102,0
2013-10-02,19:50:00,886.77,888.78,886.75,888.42,20522,0
2013-10-02,19:55:00,888.204,888.44,887.66,887.82,11006,0
2013-10-02,20:00:00,888.1,888.37,887.346,887.97,16179,0
2013-10-02,20:05:00,887.87,888.46,887.57,888.24,10514,0
2013-10-02,20:10:00,888.33,889.355,887.95,888.97,13729,0
2013-10-02,20:15:00,889,889,886.327,886.53,12469,0
2013-10-02,20:20:00,886.58,887.35,885.823,887.17,7867,0
2013-10-02,20:25:00,887.26,887.815,886.953,887.73,5258,0
2013-10-02,20:30:00,887.71,887.95,887,887.4,4309,0
2013-10-02,20:35:00,887.15,888.27,887,887.51,10800,0
2013-10-02,20:40:00,887.37,887.37,886.39,886.43,1562,0
2013-10-02,20:45:00,886.21,886.45,885.28,885.77,4668,0
2013-10-02,20:50:00,885.79,886.84,885.77,885.901,7774,0
2013-10-02,20:55:00,886.254,886.59,885.835,885.92,10687,0
2013-10-02,21:00:00,886.45,887.26,885.86,886.89,10023,0
2013-10-02,21:05:00,886.93,886.94,886.051,886.051,3000,0
2013-10-02,21:10:00,886.1,886.81,885.78,885.83,6231,0
2013-10-02,21:15:00,886,887.17,885.9,886.96,13226,0
2013-10-02,21:20:00,886.74,886.88,886.17,886.42,13350,0
2013-10-02,21:25:00,886.14,886.3,885.09,885.89,11456,0
2013-10-02,21:30:00,885.725,886.301,885.558,885.76,7103,0
2013-10-02,21:35:00,885.69,887.2,885.68,886.47,14315,0
2013-10-02,21:40:00,886.37,886.69,885.76,886.69,7625,0
2013-10-02,21:45:00,886.67,886.89,886.3,886.3,8405,0
2013-10-02,21:50:00,886.33,886.38,882.67,883.21,55738,0
2013-10-02,21:55:00,883.46,885.99,883.335,885.88,33585,0
2013-10-02,22:00:00,885.775,887.99,885.53,887.99,121937,0
2013-10-03,15:35:00,888,894,887.5,891.38,74427,0
2013-10-03,15:40:00,891.44,894.1,889.34,889.99,37857,0
2013-10-03,15:45:00,889.565,889.565,886.01,887.9,51303,0
2013-10-03,15:50:00,887.88,889.116,886.4,886.41,32924,0
2013-10-03,15:55:00,887.18,887.72,885.11,886.83,29395,0
2013-10-03,16:00:00,886.77,888.5,886.11,888.46,16270,0
2013-10-03,16:05:00,888.15,888.8,885.69,886.91,42221,0
2013-10-03,16:10:00,886.97,887.32,885.04,886,27839,0
2013-10-03,16:15:00,886.05,886.49,884,885.01,23182,0
2013-10-03,16:20:00,885.122,886.03,884.77,885.01,10706,0
2013-10-03,16:25:00,885,885.97,881,881.71,60275,0
2013-10-03,16:30:00,882.04,883.36,881.51,882.48,18293,0
2013-10-03,16:35:00,882.25,882.48,880.84,881.65,18857,0
2013-10-03,16:40:00,881.8,882.82,881.67,882.5,31657,0
2013-10-03,16:45:00,882.41,883.37,882.23,883.27,16717,0
2013-10-03,16:50:00,882.69,883.135,881.71,882.95,12775,0
2013-10-03,16:55:00,882.71,883.4,882.05,883,15240,0
2013-10-03,17:00:00,883.075,884.4,882.99,884.26,65406,0
2013-10-03,17:05:00,884.07,884.995,883.5,884.39,11048,0
2013-10-03,17:10:00,884.37,884.99,883.43,883.67,18150,0
2013-10-03,17:15:00,884.13,884.5,883.21,883.39,75438,0
2013-10-03,17:20:00,883.5,883.59,882.44,883,56212,0
2013-10-03,17:25:00,883.25,883.43,882.46,882.98,10236,0
2013-10-03,17:30:00,882.76,883.02,882,882.29,10331,0
2013-10-03,17:35:00,882.01,883.25,881.95,882.61,20480,0
2013-10-03,17:40:00,882.88,882.885,881.56,881.622,13504,0
2013-10-03,17:45:00,881.57,881.57,872.1,874.07,156781,0
2013-10-03,17:50:00,874.03,875.42,873.21,875.04,25502,0
2013-10-03,17:55:00,875.22,875.62,874.13,875.05,37102,0
2013-10-03,18:00:00,875.31,875.48,873,873.68,29603,0
2013-10-03,18:05:00,873.7,874.299,873.04,873.18,21208,0
2013-10-03,18:10:00,873.17,874.99,873.015,874.73,12164,0
2013-10-03,18:15:00,874.64,876.1,874.24,874.99,28480,0
2013-10-03,18:20:00,875.34,876.1,874.5,874.93,11022,0
2013-10-03,18:25:00,875.23,875.45,873.5,873.5,6873,0
2013-10-03,18:30:00,873.62,875.94,873.31,875.55,14282,0
2013-10-03,18:35:00,875.66,876.53,875.31,876.01,12990,0
2013-10-03,18:40:00,876.37,876.37,873.75,874.135,36227,0
2013-10-03,18:45:00,873.75,874,872.5,873.35,31263,0
2013-10-03,18:50:00,873.4,877.255,873.4,876.81,38647,0
2013-10-03,18:55:00,876.86,877.237,873.91,874.31,19128,0
2013-10-03,19:00:00,874.475,876.754,874.475,875.81,12278,0
2013-10-03,19:05:00,875.491,875.76,874.72,875.52,11857,0
2013-10-03,19:10:00,875.6,876.03,875.23,875.67,40458,0
2013-10-03,19:15:00,876.04,876.286,875,875.64,105070,0
2013-10-03,19:20:00,875.59,876.45,875.013,876.45,20516,0
2013-10-03,19:25:00,876.86,877.85,876.37,877.63,15869,0
2013-10-03,19:30:00,877.795,880.24,877.63,880,29239,0
2013-10-03,19:35:00,880,880.65,879.44,879.64,31534,0
2013-10-03,19:40:00,879.56,880.46,877.83,878.355,18545,0
2013-10-03,19:45:00,878.51,880,878.51,878.97,7857,0
2013-10-03,19:50:00,878.97,879.49,877.79,878,9907,0
2013-10-03,19:55:00,878.04,878.369,876.25,876.5,11766,0
2013-10-03,20:00:00,877.045,879.02,876.7,878.78,10177,0
2013-10-03,20:05:00,879.13,879.359,878,878.613,6461,0
2013-10-03,20:10:00,878.52,878.52,875.51,876.15,15833,0
2013-10-03,20:15:00,876.39,877.48,876.39,877.46,5750,0
2013-10-03,20:20:00,877.68,878.57,877.68,877.7,13628,0
2013-10-03,20:25:00,878.09,878.26,874.51,875.13,23871,0
2013-10-03,20:30:00,875.429,878.11,875.38,878.11,21953,0
2013-10-03,20:35:00,878.48,878.48,876.28,876.435,19619,0
2013-10-03,20:40:00,876.41,877.105,876.15,876.5,6331,0
2013-10-03,20:45:00,876.5,877.2,876.1,876.1,5886,0
2013-10-03,20:50:00,876.1,876.69,875.6,876.05,7750,0
2013-10-03,20:55:00,876.08,877.69,875.64,876.47,12627,0
2013-10-03,21:00:00,876.47,876.66,875,875,9009,0
2013-10-03,21:05:00,875.08,876.19,874.13,876.19,10178,0
2013-10-03,21:10:00,876.72,876.72,875.32,876,12952,0
2013-10-03,21:15:00,876.05,876.29,875.24,876.221,7936,0
2013-10-03,21:20:00,875.91,876.33,875,876.13,10986,0
2013-10-03,21:25:00,876.09,876.69,875.42,875.64,13903,0
2013-10-03,21:30:00,875.67,876.79,875.24,876.78,12150,0
2013-10-03,21:35:00,876.71,876.71,875.56,875.99,12258,0
2013-10-03,21:40:00,875.72,878.032,875.69,877.58,22928,0
2013-10-03,21:45:00,877.61,878.2,876.96,878.2,8597,0
2013-10-03,21:50:00,878.02,878.5,876.335,876.4,21609,0
2013-10-03,21:55:00,876.41,877.975,876.15,877.75,18192,0
2013-10-03,22:00:00,877.67,878.3,875.46,876.09,144220,0
2013-10-04,15:35:00,875,877.51,874.48,875.237,56186,0
2013-10-04,15:40:00,875.215,875.43,873,873.458,45423,0
2013-10-04,15:45:00,873.46,873.68,870,871.56,66306,0
2013-10-04,15:50:00,871.03,874.4,870.49,873.95,32484,0
2013-10-04,15:55:00,873.655,875.355,873.64,874.649,32576,0
2013-10-04,16:00:00,874.65,875.07,874.08,874.47,11356,0
2013-10-04,16:05:00,874.68,874.68,872.14,872.42,16516,0
2013-10-04,16:10:00,872.32,873.95,872.32,873.4,18968,0
2013-10-04,16:15:00,873.46,874.37,873.23,874.17,11711,0
2013-10-04,16:20:00,874.16,874.88,873.27,873.47,63396,0
2013-10-04,16:25:00,873.56,873.81,872.76,873.05,9068,0
2013-10-04,16:30:00,873.34,874.14,873.3,873.7,27722,0
2013-10-04,16:35:00,873.7,874.71,873.53,874.68,17981,0
2013-10-04,16:40:00,874.9,875.68,874.54,874.635,21446,0
2013-10-04,16:45:00,874.72,875.48,874.42,874.71,43838,0
2013-10-04,16:50:00,874.75,875.11,874.07,874.302,5902,0
2013-10-04,16:55:00,874.152,874.55,873.5,873.696,8550,0
2013-10-04,17:00:00,873.51,873.73,873.07,873.345,9373,0
2013-10-04,17:05:00,873.535,873.68,872.51,872.69,11955,0
2013-10-04,17:10:00,872.4,873.16,872,872.15,8667,0
2013-10-04,17:15:00,872.2,873.336,872,872.46,7296,0
2013-10-04,17:20:00,872.72,872.92,872.29,872.83,71581,0
2013-10-04,17:25:00,872.76,873,872.51,873,7276,0
2013-10-04,17:30:00,872.725,873.37,872.53,872.53,4400,0
2013-10-04,17:35:00,872.52,872.98,872.275,872.47,8987,0
2013-10-04,17:40:00,872.54,872.617,871.8,872.617,6215,0
2013-10-04,17:45:00,872.63,872.63,872.43,872.43,5175,0
2013-10-04,17:50:00,872.555,872.63,872.34,872.63,8100,0
2013-10-04,17:55:00,872.433,872.87,871.3,872.25,21631,0
2013-10-04,18:00:00,872.225,872.25,871.55,871.96,7858,0
2013-10-04,18:05:00,872,872.64,871.75,872.35,8626,0
2013-10-04,18:10:00,872.465,873.23,872.25,873.1,5377,0
2013-10-04,18:15:00,873.01,873.29,872.77,873.07,6583,0
2013-10-04,18:20:00,873.42,873.69,873.22,873.42,11493,0
2013-10-04,18:25:00,873.63,873.86,873.36,873.64,8586,0
2013-10-04,18:30:00,873.75,874.42,873.49,874.135,19898,0
2013-10-04,18:35:00,874.18,874.38,873.8,874.12,4875,0
2013-10-04,18:40:00,874.13,874.2,873.55,873.6,8632,0
2013-10-04,18:45:00,873.68,874.43,873.65,874.275,5360,0
2013-10-04,18:50:00,874.34,874.35,873.802,874,12647,0
2013-10-04,18:55:00,873.81,874.015,873.204,873.46,12765,0
2013-10-04,19:00:00,873.7,873.99,873.6,873.72,2378,0
2013-10-04,19:05:00,873.63,873.84,873.62,873.73,15559,0
2013-10-04,19:10:00,873.81,874.13,873.79,873.85,13332,0
2013-10-04,19:15:00,873.99,874.18,873.69,874.04,6845,0
2013-10-04,19:20:00,873.752,874.02,873.45,873.891,6530,0
2013-10-04,19:25:00,873.71,873.918,873.678,873.82,4034,0
2013-10-04,19:30:00,873.91,874.16,873.51,874.035,6271,0
2013-10-04,19:35:00,874.03,874.24,873.91,874.064,7309,0
2013-10-04,19:40:00,874.06,874.43,873.865,873.91,20761,0
2013-10-04,19:45:00,874.12,874.12,873.12,873.5,8761,0
2013-10-04,19:50:00,873.75,873.75,873.13,873.38,3450,0
2013-10-04,19:55:00,873.405,873.84,873.38,873.4,4660,0
2013-10-04,20:00:00,873.4,873.42,873.015,873.11,5900,0
2013-10-04,20:05:00,873.31,873.53,872.77,872.77,6713,0
2013-10-04,20:10:00,872.928,873.15,872.77,872.849,6693,0
2013-10-04,20:15:00,872.92,873.15,872.85,872.995,7976,0
2013-10-04,20:20:00,873.13,873.13,872.814,872.82,2501,0
2013-10-04,20:25:00,872.8,873,872.3,872.45,13897,0
2013-10-04,20:30:00,872.645,872.93,872.41,872.775,4849,0
2013-10-04,20:35:00,872.7,873.28,872.43,872.49,16150,0
2013-10-04,20:40:00,872.48,872.62,872.16,872.34,6131,0
2013-10-04,20:45:00,872.289,872.3,871.9,871.96,10853,0
2013-10-04,20:50:00,871.95,872.56,871.82,872.34,15265,0
2013-10-04,20:55:00,872.425,873.26,872.425,873.13,13250,0
2013-10-04,21:00:00,873.37,873.37,872.5,872.5,10722,0
2013-10-04,21:05:00,872.74,873.63,872.55,873.63,20861,0
2013-10-04,21:10:00,873.45,873.81,873.304,873.47,8420,0
2013-10-04,21:15:00,873.48,873.96,873.22,873.3,11284,0
2013-10-04,21:20:00,873.28,873.35,872.628,873.19,9489,0
2013-10-04,21:25:00,873.18,873.24,872.56,872.69,6525,0
2013-10-04,21:30:00,872.6,873.1,872.4,873,8596,0
2013-10-04,21:35:00,872.97,873.1,872.598,872.772,7100,0
2013-10-04,21:40:00,872.96,873.1,872.63,872.996,8473,0
2013-10-04,21:45:00,873,873.36,872.415,872.48,18068,0
2013-10-04,21:50:00,872.59,873.63,872.26,873.57,24039,0
2013-10-04,21:55:00,873.64,873.91,872.21,872.38,44254,0
2013-10-04,22:00:00,872.26,872.67,872,872.35,120646,0
