10.6 519.2 110.3
10.6 518.1 110.1
10.6 519.6 109.9
10.6 517.9 108.9
10.7 518 109.2
10.8 518.1 110.5
10.8 519 109.9
10.8 517.7 110.5
10.8 519.4 109.5
10.9 518.3 110.4
10.9 519.2 109.1
10.9 517.9 110.5
10.9 518.4 108.6
11 519 109.3
11 519.5 109.4
11 519.4 110.5
11.1 519.2 108.7
11.1 519.6 110.5
11.2 517.8 110.4
11.2 518.5 110
11.2 518.8 109.3
11.2 517.7 109.4
11.2 517.7 110.3
11.2 518.4 109.3
11.3 519 109.2
11.3 518.7 109.4
11.3 518.8 109.2
11.3 518.9 109.3
11.3 518.7 110.2
11.4 517.9 110.1
11.4 518.7 109.1
11.5 517.9 110.1
11.5 518.6 110
11.6 518.7 109.3
11.6 519.5 109.4
11.6 518.1 108.9
11.7 518.7 109.8
11.8 519.5 109.1
11.9 518.5 109.6
11.9 518.2 109.9
11.9 518.4 110.3
12 518.7 109.1
12 518.6 108.7
12 519.5 109.4
12.1 519.2 109.8
12.1 518.3 108.7
12.3 519.3 109.2
12.3 519.5 110.4
12.3 519.5 110
12.4 517.9 110.2
34.7 405.7 209
34.7 407 208.4
34.7 405.4 209
34.8 406.5 210
34.8 405.9 209.7
34.8 405.8 208.1
34.9 406.1 209.8
34.9 406.8 209.7
35 406.8 209.2
35 406.5 209.6
35.1 406.8 209
35.1 406.7 210
35.1 407.1 208.7
35.2 405.8 208.2
35.2 407 209.2
35.2 406.1 208.2
35.2 406.3 209.1
35.3 406.8 209.1
35.3 407 208.6
35.3 405.5 209
35.4 405.7 209.1
35.4 406.7 209.5
35.4 405.3 208.2
35.4 405.8 209.7
35.5 407.2 208.5
35.5 407.2 208.3
35.5 406.4 209.1
35.5 406 209.2
35.6 405.6 209.9
35.7 406.9 209.4
35.8 405.7 210
35.8 405.6 209.8
35.8 406.6 209.6
35.9 405.5 208.8
35.9 405.6 209.8
36 406.1 209.9
36 407.3 209.9
36.1 407.1 209.5
36.1 407.1 209.9
36.1 405.7 209.8
36.2 407 209.2
36.4 406.1 210
36.4 405.5 209.7
36.4 405.5 209
36.4 406 208.5
36.5 407.1 209.8
36.6 407 208.4
36.6 406.1 209.4
36.6 406 208.4
36.7 406.3 208.4
48 780.4 221.2
48 780.9 220.1
48.1 781.4 221.8
48.1 779.6 220
48.1 781 220.5
48.2 780.5 220.5
48.3 781.2 220.1
48.3 779.6 220.2
48.4 780.6 221.5
48.5 781.2 220.5
48.5 781.1 220.9
48.5 781.4 221.9
48.5 780.6 221.6
48.6 781 220.1
48.6 780.7 220.4
48.6 780 221.7
48.6 781.4 221.5
48.7 779.5 220.2
48.7 780.4 221.9
48.7 779.5 221.2
48.8 780.1 221.3
48.8 779.7 221.8
48.9 779.5 221.6
49 780.8 220.4
49 780.2 220.1
49.1 780.4 221.9
49.1 780.7 221.7
49.2 780.4 221.5
49.3 780.8 220
49.3 779.9 220.1
49.3 780 220.2
49.3 780.7 221.8
49.3 781.2 220.8
49.3 780.7 221.3
49.4 780.8 220.5
49.4 781.1 220.1
49.4 780.3 220.2
49.4 780.8 221.2
49.5 780.4 221.4
49.5 779.5 221.6
49.6 781.4 220.2
49.6 780.8 220
49.7 780.3 220.7
49.8 780.2 220.5
49.8 780.3 220
49.8 780.7 221.5
49.9 780.9 220.4
49.9 780.5 220.6
49.9 779.7 220.9
49.9 780.8 220.2
55 617.4 321.9
55 616.6 321.8
55.1 617 322
55.1 617.9 322.9
55.2 618.4 323.1
55.2 616.9 321.7
55.2 617.5 323.1
55.2 617 322.6
55.2 617.9 322.5
55.3 618.3 322.7
55.4 616.6 323.4
55.4 617.5 322.6
55.5 617.7 322.7
55.5 617.8 323.5
55.6 618.4 323.4
55.7 617.9 323.3
55.7 617.2 322.3
55.8 617.8 322.5
55.8 617.1 322.1
55.9 616.7 322.1
55.9 616.7 321.9
55.9 618.4 322.5
56 616.5 323.6
56 616.6 323.2
56 617.2 323.5
56 616.5 322.8
56.1 616.8 322
56.1 617.5 322.3
56.2 618.4 323.3
56.2 617.4 322.2
56.2 616.5 321.8
56.3 616.5 323.4
56.3 616.8 322.6
56.3 617.9 322.9
56.3 617.2 322
56.4 618.3 323.4
56.5 617.1 323.4
56.6 618.3 322.2
56.6 617.1 323.4
56.6 617 323.2
56.6 616.6 321.7
56.6 618.4 322.9
56.7 618 323.4
56.7 616.9 323.5
56.8 617.4 322.7
56.8 618.4 322.4
56.8 618.4 321.9
56.9 617.9 321.9
56.9 618 322.2
56.9 617.9 323.5
61.2 175.9 255.7
61.3 175.9 255.5
61.3 176 255.8
61.4 175 256.6
61.4 175.8 255.3
61.4 174.6 256.6
61.4 174.3 256.9
61.4 174.9 256.3
61.5 174.4 256.5
61.6 175.6 257
61.6 174.3 255.6
61.6 175.3 255.1
61.6 174.8 255.5
61.6 176.2 256.6
61.6 175 255.2
61.7 175.8 255.3
61.7 174.8 255.7
61.7 174.4 256.5
61.8 175.8 257
61.9 175.3 256
61.9 176.2 257.1
62 175.1 255.5
62 176.2 255.4
62 175.2 256.2
62.1 174.6 255.9
62.2 174.9 255.4
62.2 176.1 255.4
62.2 174.4 256.4
62.3 175.2 257.1
62.3 175.2 255.6
62.4 176 256.8
62.5 175.3 255.6
62.5 176.1 256.7
62.5 175.7 255.8
62.5 175 256.1
62.6 175.2 257
62.6 175.4 255.7
62.6 174.7 255.5
62.8 175.8 255.1
62.8 176.3 255.6
62.8 174.6 255.8
62.8 174.5 255.4
62.9 175.2 255.2
62.9 176.1 256.8
62.9 176.3 255.3
63 175.7 255.6
63.1 174.7 256.5
63.1 174.5 256.6
63.1 175.5 255.7
63.2 176.3 255.5
63 231.5 851.2
63 232.1 850.8
63 231.6 850.9
63.1 230.2 850.4
63.1 230.6 851.6
63.1 232 851.6
63.3 232.1 850.5
63.3 230.8 850.6
63.3 230.9 851.9
63.3 231.5 850.9
63.5 231.5 851.3
63.6 232 852
63.6 230.9 851.2
63.6 230.2 850.8
63.7 230.5 851.5
63.7 230.8 851.8
63.8 231.1 851.5
63.8 232.1 850.3
63.9 231.8 851.2
63.9 231.9 852
63.9 232 851.3
63.9 231.5 850.9
64 230.5 850.8
64 230.2 851.2
64.1 231.5 851.8
64.1 231.7 851.9
64.2 231.3 851.4
64.2 231.8 850.8
64.2 231.8 851.4
64.2 230.9 851.1
64.3 231.1 851.9
64.3 232 850.6
64.4 232.1 850.9
64.4 231.6 852
64.4 231.7 852.1
64.4 231 851.2
64.4 231.5 852.1
64.5 230.2 851.3
64.5 231.9 851.7
64.5 230.2 850.4
64.5 230.5 851.4
64.5 230.4 850.9
64.6 231.5 851.1
64.6 231.6 850.5
64.6 231 852.2
64.6 231 852.1
64.8 230.4 850.3
64.9 232 850.4
64.9 230.8 852.2
65 231.8 850.5
74.2 343.9 954.1
74.3 344.6 954
74.3 344.5 952.4
74.3 343.6 954.3
74.3 344 953.8
74.4 344.7 954
74.4 344.4 953
74.4 344.3 952.8
74.4 344.1 953
74.5 343.8 954
74.5 343.8 953.8
74.6 343.1 953.9
74.6 343.6 953.6
74.6 344.8 953.2
74.6 343.1 952.5
74.7 344 953.6
74.7 343.1 952.7
74.7 344 953.7
74.8 343.1 953.5
74.9 343.6 953.2
74.9 344.8 952.4
74.9 344.4 953.5
75 343.1 954
75 343.9 954.3
75 343.4 954
75 343.7 954
75.1 343.7 953.1
75.1 343.7 954
75.1 343.9 954.1
75.1 344.2 953
75.2 344.5 954.2
75.2 343.2 952.8
75.2 343.8 953.6
75.3 344.6 953.4
75.3 343.9 953.2
75.3 343.2 952.5
75.4 343.3 953.3
75.5 343.6 953
75.5 343 954
75.5 343.9 952.9
75.5 344.7 954.2
75.6 343.3 953.2
75.6 344.1 954
75.7 344.5 953.7
75.8 343.1 954.2
75.8 343.8 954.3
75.9 344.2 952.7
75.9 343.3 953.3
76 344.6 953.8
76.1 343.1 954.1
82.6 319.2 748.4
82.6 319.7 748.5
82.6 320.5 748.2
82.7 319 749.6
82.7 319.8 748.3
82.7 318.8 748.5
82.8 319.8 748.5
82.8 320.3 749.2
82.8 319.9 749.2
82.9 318.9 748.7
83 319.9 748.7
83 320.1 749.5
83 319.7 749.8
83.1 319 748.8
83.1 319.7 749.3
83.1 319.1 749.8
83.2 319.7 749.8
83.2 320.4 748.9
83.2 318.9 749.6
83.3 320.2 749.8
83.3 320.4 748.5
83.3 319.1 748.5
83.4 320.5 748.8
83.4 320.5 748.9
83.5 319.6 748.6
83.6 319.9 748.4
83.6 320 749.9
83.7 319.6 750
83.8 319 749.8
83.8 320.6 748.4
83.9 320 748.7
83.9 320.5 749.1
83.9 320.1 749.3
84 318.7 749.2
84 318.7 748.9
84 320.4 748.7
84.1 319 749.7
84.2 319.8 749.3
84.2 319.2 749.3
84.3 319.4 748.2
84.3 318.9 748.2
84.3 319.9 749.1
84.3 318.7 748.7
84.3 320 749.1
84.3 319.8 748.8
84.4 319.4 749.6
84.4 319.3 749.5
84.4 319.5 748.4
84.5 319.8 748.4
84.5 318.7 749.6
98 449.4 834.1
98 449.8 833.3
98.1 449.7 832.9
98.2 450.2 833.4
98.3 448.6 834.3
98.3 450.2 834.3
98.3 449.8 834.2
98.4 449.3 832.4
98.4 449.6 833.5
98.6 449 833.4
98.6 449.5 832.6
98.7 450.2 832.6
98.7 448.3 832.7
98.7 448.7 832.4
98.7 449.5 834.3
98.7 448.5 832.9
98.8 449.4 833.2
98.8 450 833.3
98.9 448.8 833.1
98.9 450.2 833
98.9 450 832.7
98.9 449.1 834.2
98.9 449 833.9
98.9 450.1 832.4
99 448.9 834.2
99 449 833.6
99.1 449.5 832.5
99.2 449.1 832.5
99.2 449.6 833.3
99.2 449.6 833.5
99.2 448.4 833.3
99.3 448.5 834
99.3 450 832.9
99.3 449.5 832.6
99.4 448.8 833.1
99.4 449.4 834.2
99.4 450.1 833
99.4 449.6 833.1
99.4 448.5 833.2
99.5 449 833.5
99.5 448.5 833.3
99.5 448.8 833.5
99.6 449 833.4
99.6 448.7 833.8
99.6 448.4 833.7
99.6 449.2 833.6
99.7 449.3 832.7
99.8 448.5 832.9
99.8 450 833.5
99.9 449.7 834.2
128.4 256.4 186
128.5 256.7 185.3
128.6 256.8 186
128.6 258.1 185.3
128.7 257.2 184.7
128.7 257.4 185.8
128.8 257.1 186.4
128.8 257.3 185.7
128.8 256.5 185.4
128.8 256.6 184.6
128.8 257.8 185.9
128.8 257.8 186.2
129 257.7 184.6
129.1 257.3 185.6
129.1 257.4 185
129.2 257.1 185.1
129.3 258.1 186.3
129.3 257.4 186.2
129.3 258 185.5
129.4 257.4 184.7
129.4 257.9 186.1
129.4 256.8 185.4
129.4 256.3 185.6
129.4 256.7 184.9
129.4 256.6 185.6
129.4 258 185.1
129.5 256.7 185.2
129.5 257.5 186.3
129.5 257.3 185.4
129.5 257.2 186.2
129.5 257.6 185.4
129.5 257.1 184.8
129.6 256.8 185.6
129.6 256.2 186.2
129.6 258.1 186.1
129.6 258 185.5
129.7 257.8 186.2
129.7 256.9 186
129.7 257.8 185.9
129.7 257.9 185
129.8 257.3 185.5
129.9 258.1 184.6
129.9 256.9 185.2
129.9 258.1 185.9
129.9 258 184.9
130 257.5 185.9
130 257.8 186
130.1 257 184.6
130.1 256.7 186.1
130.3 256.2 185.7
139.1 618.8 598.9
139.1 619.5 598.8
139.2 618.1 599
139.2 618.4 597.6
139.2 618 598.1
139.2 618.7 597.5
139.3 618.1 597.3
139.3 617.7 598.4
139.3 619.3 598.6
139.3 619.4 598.4
139.4 619.6 598.6
139.5 618 599
139.5 619.2 597.5
139.6 618.9 597.7
139.6 619.2 597.4
139.6 619 598.2
139.6 619.6 598.6
139.7 619.2 598.8
139.7 619 598.3
139.7 617.7 597.3
139.8 619.3 598.5
139.8 619.5 597.6
140 619.2 599
140 618.2 597.6
140 618.6 598.8
140.1 617.7 597.4
140.1 618.1 599
140.1 619.2 597.3
140.1 618.5 597.3
140.2 619 597.4
140.2 618.7 599
140.2 618 598.1
140.3 617.7 598.5
140.3 618.8 599
140.4 618.6 597.5
140.5 619.1 599.1
140.5 618.7 597.7
140.5 619.1 598.6
140.5 619.3 598.6
140.6 618.9 597.1
140.6 619.1 598
140.7 617.8 597.8
140.7 619.5 598.9
140.7 617.8 598.4
140.8 619.3 598.4
141 618.2 597.4
141 619.2 599
141 618.2 598.9
141 617.9 597.2
141 617.9 598.4
145.1 386.1 658.4
145.1 386.5 658.5
145.1 386.2 658.9
145.1 385.8 657.9
145.1 386.7 657.8
145.1 386.9 658.4
145.2 386.5 658.7
145.2 386.2 657.7
145.2 386 659.1
145.3 385.8 658.1
145.4 386.6 659.2
145.5 385.9 658.9
145.6 385.5 658.9
145.6 386.1 658.8
145.7 386.2 657.9
145.7 386.4 658.1
145.7 385.4 658.6
145.7 386.3 657.8
145.7 386.5 659.6
145.8 385.4 658.9
145.8 386.5 658
145.8 387.1 657.9
145.9 386.9 658.3
145.9 385.3 657.7
145.9 386 658.3
146 387.2 659.5
146 385.6 657.9
146 385.5 658.9
146.1 385.7 658.2
146.1 386.7 658.3
146.1 385.3 658.3
146.2 386.5 659.5
146.2 385.5 658.1
146.3 386.8 658.1
146.3 385.7 658.8
146.4 385.5 658.7
146.5 385.7 659.5
146.5 386.3 658.2
146.5 386.6 658.1
146.5 386.1 658.7
146.5 385.7 659.2
146.5 387.3 658.9
146.6 386.3 657.7
146.8 385.8 657.6
146.8 386.9 658.3
146.9 385.7 658.4
146.9 387 659.3
147 386.7 659.4
147 386.8 658.8
147 385.4 658.2
145.8 708.2 59
145.8 708.5 58.5
145.9 708.1 58.8
145.9 708.5 58.1
145.9 707.7 58.3
146 707.4 58.9
146 708.8 57.8
146 708.3 59.1
146.1 708.2 58.6
146.1 708.1 57.3
146.2 707.7 58.6
146.3 708.8 58.6
146.3 708.2 59.2
146.3 708.5 57.3
146.3 707.5 58.9
146.3 707.8 58.8
146.3 707.5 58.8
146.3 707.1 58
146.4 708.7 59
146.4 708 58.9
146.4 707.8 57.3
146.5 707.3 57.2
146.6 708.4 58.3
146.7 708.5 57.5
146.7 707.3 59.1
146.8 708.8 57.9
146.8 707.3 57.4
146.8 707.2 58.3
146.9 706.9 58.9
146.9 708.7 58.4
146.9 707.4 58.7
147 707 58.6
147 707.2 58.4
147 708.1 57.8
147 708 58.4
147 707.8 57.2
147.1 707.2 58.3
147.1 707.3 57.5
147.1 707 58.4
147.2 708.2 57.3
147.2 708.5 59.2
147.2 707.4 57.9
147.3 707.8 58.2
147.4 707.7 58.5
147.4 707.1 57.7
147.4 707.5 59
147.4 708.2 58.8
147.4 708.5 58.3
147.4 707.6 57.9
147.7 708.1 57.3
152.4 852.3 48.2
152.5 851 47.8
152.6 850.7 48.3
152.6 851.4 47.7
152.6 851.3 47.9
152.7 850.8 48.9
152.7 850.7 49.2
152.7 851.7 47.5
152.7 850.6 48.4
152.8 850.6 49.2
152.8 850.6 48.2
152.8 852.3 48.4
152.8 850.4 48.3
152.9 851.4 47.6
152.9 850.8 47.8
153 850.6 49.3
153 850.4 47.9
153 852 47.4
153 851.8 48
153 850.6 49.1
153 851.7 48.6
153 850.9 48.8
153.1 852.3 49.3
153.2 851.2 47.9
153.2 851.5 49.1
153.2 851.4 47.5
153.5 852 47.6
153.5 851.7 48.9
153.5 850.3 49.2
153.5 852.1 49.2
153.6 851.9 48
153.6 851.5 48.8
153.7 851.2 48.9
153.7 851.4 47.8
153.8 851.8 47.9
153.9 852 47.8
153.9 851 48.9
153.9 850.7 48.1
153.9 852.1 47.6
154 851.5 47.9
154 851.6 47.7
154 850.5 49.2
154.1 851.8 48.7
154.1 850.9 47.9
154.1 851.2 48.2
154.3 851.1 47.5
154.3 850.4 49
154.4 851.7 47.8
154.4 850.5 48.8
166.4 697.4 389.4
166.5 697.9 388.9
166.5 696.9 389.4
166.5 697.7 389
166.6 696.2 388.2
166.6 696.1 388
166.6 697.2 388.2
166.6 696.6 389
166.7 697.1 388
166.7 696 388.2
166.8 697.1 388.6
166.8 697.9 388.7
166.8 697.8 388.7
166.8 697.6 388
167 696.6 387.6
167 697.6 389.3
167 697.8 389.3
167.1 696.9 388
167.1 697.2 388.7
167.2 697.1 388.4
167.2 697.7 389.2
167.2 696.5 388.1
167.3 697.8 387.7
167.3 696.1 387.7
167.3 697 389.4
167.3 697.5 387.6
167.4 697.8 388.4
167.4 696.8 388
167.5 696.4 388.5
167.5 697.8 387.9
167.5 697.7 388.5
167.5 696.1 387.6
167.6 696.8 389.2
167.7 696.5 388.6
167.7 696.7 387.5
167.7 696.9 389.2
167.8 696.6 389
167.9 696.4 388.9
167.9 696.5 388.6
167.9 697 388.8
167.9 697.6 389
168 696 388.8
168 697.9 389
168.1 696.7 387.6
168.1 696.4 387.9
168.2 696.5 388.7
168.2 697.3 388.7
168.2 696.9 389
168.3 696.6 388.8
168.3 696.3 387.5
175.6 139.8 92.9
175.7 141.5 93
175.7 140.6 91.1
175.7 139.8 91.7
175.7 141.1 92.7
175.7 140.5 92.5
175.7 140.5 91.7
175.8 141.7 91.3
175.8 139.9 91.9
175.8 140.2 92.2
175.9 141.7 92.8
175.9 140.1 91.2
176 140.9 91.7
176 140.9 91.4
176 140.9 91.9
176 140.8 91.7
176 140.2 92.4
176.1 141.4 91.2
176.2 140.8 92
176.2 140.6 92.2
176.3 141.5 91.9
176.3 140.6 92.4
176.3 140.9 92.9
176.3 139.8 92.3
176.3 141.2 91.3
176.4 140.1 91.5
176.4 140.9 92.3
176.4 140.1 92.7
176.6 141 92.8
176.6 141 93
176.7 140.3 92.1
176.8 141.2 91.8
176.8 140.3 91.2
176.8 140.6 92.4
176.9 140.5 92.6
176.9 140.4 92.5
177 141.6 92.4
177.1 141.2 92.5
177.1 139.8 92
177.1 141.1 92.6
177.2 141 91.4
177.2 141 93
177.2 141.5 91.5
177.3 140.5 92
177.3 141 92.5
177.4 141.3 91.6
177.4 139.7 91.7
177.5 140.1 91.9
177.5 141 91.8
177.5 140.3 91.5
181.2 595.9 37.7
181.3 594.8 39.6
181.3 595.5 38.5
181.4 595.6 39
181.4 595.5 39.2
181.4 594.3 38.2
181.4 595.5 39.4
181.4 596 38.9
181.5 595.9 38.8
181.5 595.4 39
181.5 594.3 38.5
181.5 594.5 37.9
181.6 595.9 39.7
181.6 595.6 39.3
181.7 596 39.1
181.7 595.5 39
181.7 595.2 38.1
181.8 595.3 38.4
181.8 594.9 37.8
181.8 595.4 39.5
181.9 595.9 37.8
181.9 595.3 39.6
182 595.1 39.3
182 594.5 38.2
182.1 595.9 37.9
182.1 595.6 38.6
182.2 594.9 38.9
182.3 595.7 38
182.3 596 38.7
182.3 596.1 39.6
182.4 596.1 39.4
182.4 595.3 39
182.5 595.2 37.8
182.5 595.9 38
182.5 596 38
182.6 594.3 38.1
182.6 595 39.3
182.6 594.8 38.2
182.7 594.7 39.4
182.8 594.6 38.9
182.8 596 38.9
182.9 595.5 38
183 594.8 39.5
183 595.7 38.4
183 595.3 38.7
183 594.8 39
183 595.9 38.1
183 596 39.2
183.1 595.9 38.4
183.2 596 38.5
185.6 406.2 236.4
185.6 407.2 235.6
185.6 406.1 236.6
185.6 407.2 235
185.6 406.3 236.4
185.7 406.9 235.3
185.7 406.7 235.7
185.7 405.9 235.8
185.7 405.6 236.1
185.8 406.2 235.4
185.8 405.7 235
185.8 405.8 234.9
186 407.1 235.3
186.1 407.2 236.4
186.1 405.8 235.1
186.2 405.6 234.9
186.2 405.9 235.7
186.3 406.2 236.4
186.3 407.3 235.4
186.3 405.6 236
186.3 406.6 235.8
186.4 406.5 236.3
186.4 405.3 234.9
186.4 405.9 235.8
186.5 405.9 236.3
186.5 406.8 235
186.6 405.4 236.5
186.6 407.1 235.6
186.6 406.2 234.7
186.6 407.3 236.3
186.8 406.4 236.4
187 405.6 236
187 405.6 235.9
187 406.1 235.2
187 406.1 234.9
187 405.9 235
187.1 405.4 236.5
187.2 407.2 236.5
187.2 405.7 235.2
187.2 405.8 236.3
187.2 406.5 236.3
187.3 406.9 235.4
187.3 406 236.4
187.3 406.7 235.2
187.3 406.3 235.7
187.4 406.5 235
187.4 406.9 235.8
187.4 406 235.4
187.4 405.6 235.7
194 544.8 341.1
194 545.2 339.9
194.1 543.9 341.5
194.1 544.3 341
194.2 545.4 341.4
194.2 545.5 341.3
194.3 544.3 339.7
194.3 545.5 340.3
194.4 545.1 341.3
194.5 544.7 340.8
194.5 544.4 340.7
194.6 544.5 339.7
194.6 545.2 340.6
194.7 544.8 340.1
194.7 544.1 341.1
194.7 544.2 340
194.7 544.4 340.9
194.8 544.3 341.4
194.8 544.2 339.7
194.8 545.3 341.5
194.8 543.6 339.7
194.8 544.3 340
194.8 545.1 340.4
194.8 544.3 340.3
194.8 545.2 339.9
194.8 544.8 339.7
194.9 543.7 340.3
194.9 544.4 341.4
194.9 544.5 339.9
195 544.4 341
195 544.1 340.7
195 545.6 341
195 544.9 340
195.1 544 340.2
195.2 544.8 339.7
195.2 543.9 341.3
195.4 544.7 341.5
195.4 545.4 341.3
195.4 543.9 341.5
195.4 545.5 341.5
195.4 544.8 340.4
195.5 545.2 340.5
195.5 544.1 340.2
195.6 545.1 340.9
195.7 544.6 340.4
195.7 543.7 340.5
195.7 544 339.9
195.9 545.5 340.6
196 543.8 340.3
196 544.3 341.3
206 37.3 981.8
206.1 38 981.6
206.2 37.5 980.1
206.3 38 981.3
206.4 38.7 981.5
206.5 38.3 981.1
206.6 37.7 981.8
206.6 38.3 980
206.6 38.4 981
206.6 37.6 980.4
206.6 38.5 981.8
206.7 36.9 980.1
206.7 37.4 982
206.8 37.6 981.9
206.8 38.5 980.5
206.8 37.9 982
206.8 37.3 981.8
206.8 37.4 981.5
206.8 37.5 981.9
206.8 37.1 981.2
206.9 37.3 980.2
206.9 38.6 981.8
207 38.7 980.7
207 37.2 981.4
207 38.4 980.9
207.1 37.9 981.4
207.1 38 981
207.1 37.3 981.4
207.1 38.2 980.8
207.2 38 980.1
207.2 37.4 980.4
207.2 38.7 981.7
207.3 38.1 980.4
207.4 38.7 981
207.5 37.9 981.9
207.5 37.9 980.3
207.5 37.8 981.4
207.6 37.2 981.6
207.7 36.8 981.2
207.7 38.7 981.9
207.7 37.4 981.1
207.7 37.5 980.4
207.7 37 980.3
207.7 37.1 980.8
207.8 38.7 981.2
207.8 38 981.5
207.8 37.9 981.3
207.8 38.3 981.7
207.8 37 981.7
207.9 38.2 980.8
214.2 577.1 740.5
214.3 576.3 741.5
214.3 577 740.7
214.3 576.4 740.5
214.3 577.1 741.7
214.4 577.4 740.4
214.5 576.6 740.2
214.5 575.8 741
214.5 577.4 742
214.5 576.6 741
214.6 576.5 741.8
214.6 577.2 740.7
214.6 576 742
214.6 576.8 740.4
214.7 576.9 740.7
214.7 576.5 740.5
214.8 576.5 741.7
214.8 576.1 741.3
214.9 577.6 741.6
214.9 576.2 742
214.9 575.9 741.3
215.1 575.9 740.6
215.1 575.8 740.3
215.1 576.3 741.7
215.2 575.8 741.2
215.2 576.1 741.9
215.2 575.8 741
215.2 576.7 741
215.3 575.9 741.6
215.3 576 741.7
215.4 576.2 741.8
215.5 576.1 741.5
215.5 577.3 742.2
215.5 577.2 740.3
215.5 577.3 740.6
215.6 577.5 740.2
215.7 576.1 741.6
215.7 576.8 741.8
215.7 577.8 741.3
215.7 576 742.1
215.7 576.3 741.8
215.7 577.4 741
215.8 576.2 741.4
215.8 577.3 741
215.9 577 741.6
216 576.1 740.5
216 576 740.2
216 576.1 741.5
216 577.4 740.6
216.1 577.2 741.1
226.1 615.9 195.8
226.1 616.2 196.8
226.1 616.6 195.6
226.2 616.6 195.6
226.3 615.8 195
226.3 615.8 196.2
226.3 616.8 195
226.4 615.4 195.5
226.4 615.3 195.5
226.5 617 195.7
226.5 615.6 196.8
226.5 615.3 195.5
226.6 616.4 196.5
226.6 616.5 196.1
226.7 615.3 195.8
226.7 616 195.8
226.8 615.3 195.7
226.8 616.6 195.9
226.8 617 196.8
226.8 615.9 196
226.8 615.9 195.3
226.8 615.5 195.9
226.8 615.4 195
226.9 616.3 195.3
226.9 616.3 195.5
226.9 616.7 196.1
227 615.3 195.2
227 615.3 196
227 616.5 196.8
227.1 616.6 196.1
227.3 615.6 196
227.3 616.9 195.3
227.4 615.9 196.5
227.4 617.1 196.5
227.4 616.3 195.8
227.5 616.4 196
227.5 617.1 196.8
227.5 616.9 195.4
227.6 616.2 195
227.6 616 195.9
227.8 616.9 196.4
227.8 616.4 195.5
227.9 615.5 195
227.9 616.2 195.4
228 616.8 196.2
228 616.8 195.8
228 616 195.2
228 616.9 196.7
228 615.3 195.9
228.1 616.7 195.1
231.3 352 447.6
231.3 353.1 447.7
231.3 351.3 448.2
231.4 352.4 447.3
231.4 353.1 447.9
231.4 351.7 447.9
231.4 352.1 447.5
231.4 351.5 447.8
231.5 352.5 448.5
231.5 351.4 448.8
231.6 352.7 447.5
231.6 353.1 448.9
231.6 352.1 447.6
231.6 351.3 448.8
231.7 352.4 448.8
231.7 352.2 447.3
231.8 351.5 448.6
231.8 351.5 448.9
231.9 351.9 448.2
231.9 351.7 448.8
232 352.2 448.1
232 351.5 448.2
232 352.9 447.9
232.1 352.7 448.4
232.1 353 448.3
232.1 351.7 448.2
232.1 352.1 448.7
232.2 351.7 448.4
232.2 353.2 447
232.2 351.8 447.3
232.2 351.5 447.4
232.3 352.8 447.5
232.3 351.4 447.6
232.3 351.3 447.7
232.3 351.8 447.2
232.4 352 447.6
232.5 352.8 448
232.5 353.1 447.4
232.6 352.7 447.7
232.6 351.8 447.5
232.6 352.3 447.4
232.7 353.1 447.6
232.8 351.4 448.1
232.9 352.5 448.9
232.9 351.7 447.1
233 352.8 448
233 352.4 448.7
233.1 352.2 448.9
233.2 352.4 447.2
233.2 352.2 448.3
232.1 26.3 80.8
232.1 27.5 80.2
232.1 26.9 81.4
232.2 26.3 80.9
232.2 26.1 79.9
232.2 27.7 80.9
232.2 27.7 81
232.3 26.9 81.7
232.3 27.8 81.7
232.3 27.2 80
232.4 27.7 80.1
232.4 26.4 81.3
232.5 27 80.9
232.5 26.5 81
232.6 26.7 80.4
232.7 26.6 81.7
232.7 26.4 80.4
232.8 27 81.7
232.8 26.5 81.2
232.9 27.4 81.6
232.9 27.3 80.8
232.9 26.5 80.6
232.9 26.9 81.6
233.1 26.5 80.1
233.2 26 80.9
233.2 26.3 80.7
233.3 27.2 81.8
233.3 26.1 80.1
233.3 27.7 80.2
233.3 25.9 81.5
233.3 26.5 80.7
233.4 26.9 80.8
233.4 26.3 81.3
233.4 27.1 81.5
233.4 27.4 81.6
233.4 27.7 79.9
233.4 27.5 81.6
233.5 26.8 81
233.5 27.3 81
233.5 27.1 81.3
233.5 26.6 80.7
233.6 26.5 80.9
233.7 27.4 79.9
233.7 26.9 80.3
233.7 25.9 80.7
233.8 27.7 79.9
233.9 26.9 81.5
233.9 26.4 81.8
233.9 27 80
233.9 26.5 80.4
234.7 490.7 337.1
234.7 490 337
234.8 491.3 337.3
234.8 489.4 337.1
234.8 490.4 336.4
234.8 489.8 336.2
234.9 491.2 337
234.9 490.5 337.5
235 490.7 336.1
235 490.7 337.4
235.1 491.1 336.8
235.2 491.2 337.5
235.2 491.2 337
235.2 491.1 337
235.2 490 336.9
235.3 489.6 336.3
235.3 490.3 336.8
235.3 491.2 337.2
235.3 490.7 337.6
235.4 490.8 336.6
235.4 490 336.3
235.4 489.7 336.1
235.4 490.6 336.2
235.5 490.8 337.4
235.5 490 336.1
235.5 490.9 337.8
235.6 490.1 336.2
235.6 489.6 337.8
235.6 489.4 337.8
235.7 489.9 337.5
235.8 489.6 336.8
235.9 490.9 336
235.9 489.6 337.1
236 491.2 337.3
236 490 337.5
236 489.6 337
236.1 489.6 336
236.1 489.8 336.8
236.1 489.4 336.4
236.2 491.1 336.8
236.2 490.2 337.1
236.2 491.2 336.6
236.2 489.6 336.6
236.2 491 336.1
236.4 490.9 336.7
236.6 489.8 337.8
236.6 490.8 336.1
236.6 490.1 336
236.7 490.2 336
241.8 433.1 945.7
241.8 432.4 946.1
241.8 432.6 946.3
241.8 433.6 945.1
241.8 433.4 945.4
241.8 433.3 945.5
241.9 434 945.3
241.9 433 945.3
242 433.1 946
242 433.2 945.3
242.1 433.1 945.2
242.2 433.1 946.4
242.2 433.1 944.9
242.2 433.5 945.4
242.2 433 945.6
242.2 432.8 946.1
242.2 432.4 946.7
242.3 434 946.6
242.3 433.6 946.5
242.3 432.6 946.7
242.4 433.3 945.1
242.4 433.7 945.8
242.5 432.4 946
242.5 433.3 945.5
242.5 433.7 945.7
242.6 433.7 945.6
242.6 433.8 945.4
242.6 432.8 945.6
242.6 433.2 945.2
242.7 433.8 945.8
242.8 433.3 945.7
242.9 432.4 945.8
242.9 432.3 944.9
243 433.9 945.9
243.1 432.2 945
243.1 432.6 946.6
243.2 433.1 944.9
243.2 433.6 945.2
243.2 432.7 945.4
243.3 433.8 945.2
243.4 432.5 945.7
243.4 432.9 946.8
243.5 432.2 946.1
243.5 432.1 946.5
243.5 432.2 945.7
243.5 432.7 945.1
243.5 432.3 945.6
243.6 434 945.6
243.7 432.9 946.4
243.7 432.7 945.4
254.5 848 308.2
254.5 847 307.8
254.5 847.1 307.6
254.5 846.5 307.9
254.6 846.3 308
254.6 846.6 308.2
254.7 846.2 308.6
254.7 847.2 307.8
254.8 848.1 308.2
254.8 847.7 307.6
254.9 847.1 308.7
254.9 847.7 308.7
255 846.3 308.2
255 846.9 308.2
255 847.4 308.9
255.1 846.8 307.6
255.1 847.7 308.7
255.2 847.4 308.2
255.2 847.7 308.4
255.2 847.4 307.4
255.2 847.2 308.5
255.2 846.4 307.4
255.3 847.1 308
255.3 847.7 307.6
255.3 846.7 308.4
255.3 847.6 308.8
255.3 847.7 309
255.4 847.1 308.4
255.4 846.1 309
255.5 846.6 307.7
255.6 847.2 309
255.6 846.6 308.4
255.6 846.7 309
255.7 847.4 308
255.8 847.1 308.9
255.8 846.4 307.8
255.9 847.4 308
255.9 847.1 307.2
255.9 846.3 308.3
256 846.8 307.2
256.1 846.4 308.1
256.1 846.1 308.6
256.1 847.7 309
256.2 847.1 307.2
256.2 847.8 308.3
256.2 847.7 307.8
256.3 847.6 307.7
256.3 847.2 307.6
256.4 847 308.2
256.5 846.5 308.9
260.7 286.3 917.3
260.7 285.7 917.3
260.7 285.7 917.9
260.8 285.9 917.6
260.8 286.6 917.7
260.8 286.9 917.9
260.9 286.3 917.5
260.9 285.7 918.4
260.9 286.4 916.7
260.9 286.5 916.9
261 286.3 916.6
261 286 917.5
261.1 285.6 917.6
261.1 286.6 917.1
261.2 285.4 917.9
261.3 286.6 917.1
261.3 285.5 917.1
261.3 286.1 916.6
261.5 285.4 916.9
261.7 285.9 917.5
261.8 286.6 916.8
261.8 286.1 917.6
261.9 286 916.9
261.9 287.2 917.2
261.9 285.6 917.1
261.9 286.5 916.7
262 285.5 917
262.1 286.7 917
262.1 286.5 916.7
262.1 286.2 918.3
262.1 285.6 917.5
262.2 285.3 918.3
262.2 286.1 917.1
262.2 286.6 917.7
262.2 286.3 918.4
262.3 285.8 918.5
262.4 286.3 918.4
262.4 286 917.4
262.4 285.4 918.2
262.4 286.7 916.7
262.4 287 917.4
262.4 286.3 917.7
262.5 286 918.2
262.5 286.4 917.7
262.5 285.6 918.3
262.6 286.2 916.8
262.6 285.9 917.6
262.6 285.8 917.6
262.7 286.4 917.7
262.7 286.6 917.1
260.9 283.1 878.9
260.9 282.1 878.8
260.9 282.9 880.2
261 283.6 880.3
261 283.5 879.4
261 283.3 880.2
261 283.8 880.4
261.3 283.5 878.9
261.3 282.9 879
261.3 283.1 879
261.3 283.4 878.8
261.4 282.7 879.4
261.5 283.8 879.4
261.5 283.2 879.9
261.5 282 880.3
261.6 283.5 879.9
261.6 282 879
261.7 282.5 879
261.7 283.1 879.4
261.7 283.6 880.2
261.7 282.7 879.5
261.8 282.5 878.7
261.9 283.7 880.1
261.9 282.3 878.6
261.9 283.5 879.3
262 281.9 879
262 283.3 878.9
262 282.5 880.1
262 283.4 878.9
262.1 282.4 879.1
262.1 282 878.7
262.2 283 879.7
262.2 283.4 879.8
262.2 282.3 879.7
262.3 282.1 880.1
262.3 283.3 879.6
262.3 282.8 879
262.3 282.1 879.2
262.3 282.6 878.7
262.3 282.7 879.4
262.3 283.5 879.3
262.3 283.2 878.6
262.4 282.7 880.2
262.6 283.7 879.5
262.7 283.1 879.4
262.7 282.8 879.4
262.7 282.8 880.3
262.8 282.2 880.2
262.8 283.2 880
266.5 533.6 298.7
266.6 533.1 298.5
266.6 533.9 298.8
266.6 533.9 298.7
266.8 534.8 298.8
266.8 534.5 297.2
266.9 534.8 297.9
266.9 533.8 297.9
266.9 533.9 297.3
267 533.8 298.3
267.1 533.8 298
267.1 534.2 297.3
267.1 533.1 298.3
267.1 534.7 297
267.1 533.8 298.1
267.1 534.2 297.3
267.2 532.9 297
267.2 534.4 298.6
267.2 534.8 298.4
267.3 534.6 298.5
267.3 533.2 298.4
267.3 534.2 298.6
267.5 533.7 298.6
267.5 533.3 298.1
267.5 534.4 297
267.6 534.1 297.7
267.6 532.9 297.3
267.6 534.3 298.3
267.7 533 296.9
267.8 534.3 297.3
268 534.7 297.3
268 534.5 297.7
268.1 533.3 298.1
268.2 533.6 297
268.2 534.7 298.1
268.2 534.2 297.6
268.2 534.2 297.1
268.3 534.4 297.8
268.3 533.9 297.7
268.3 533.4 297.7
268.3 534.8 297.4
268.3 533.8 297.6
268.3 533.3 298.5
268.3 534.8 298.6
268.4 533.6 298
268.4 534.6 298.4
268.4 534.5 297.4
268.4 533 297.8
268.5 534.7 297.6
268.5 534 297.1
267.3 667.6 290.6
267.5 667 291.7
267.5 668.2 292.3
267.5 666.3 290.9
267.5 667.6 290.9
267.6 667.3 291.2
267.6 668.2 290.4
267.6 667.2 292.2
267.7 667.7 291.3
267.7 666.8 291.5
267.7 667.1 290.7
267.7 667.7 292.1
267.8 666.7 291.2
267.9 666.4 290.8
267.9 666.5 291.2
268 666.6 291.2
268 666.8 291.4
268 667.8 291.5
268 666.6 290.5
268.1 667.6 290.5
268.1 667.7 290.9
268.1 666.9 291.4
268.1 666.7 290.9
268.1 667.7 291
268.2 666.2 291.9
268.2 667.5 291.2
268.2 668.2 292
268.2 667.4 292.1
268.3 667.5 292.1
268.3 667.6 291.2
268.3 666.3 291.7
268.3 666.9 292
268.3 667.9 291.3
268.4 667.6 290.6
268.4 668.1 292.2
268.4 668.1 291.7
268.5 667.5 292.3
268.6 668.1 291.7
268.6 667.4 291.4
268.6 667.8 290.7
268.8 666.2 291
268.8 667.8 290.6
268.8 666.4 290.8
268.9 666.5 291.8
268.9 667 291.7
268.9 667.5 290.8
269 666.5 291.7
269.1 666.5 291.4
269.1 667.3 291.7
269.1 666.5 291.6
273.3 270 321.6
273.3 270.8 319.9
273.4 270.5 321.3
273.4 269.8 320.5
273.4 270.5 321
273.5 270.1 320.5
273.5 270.4 319.9
273.5 270.7 319.9
273.5 269.7 319.7
273.6 271.3 319.8
273.7 271.4 320.1
273.8 269.7 321.4
274 269.9 320.1
274.1 271 319.7
274.1 269.7 320.2
274.1 270.7 321.5
274.1 270.3 320.4
274.2 269.8 320.4
274.2 269.9 321.5
274.2 271.5 321.3
274.2 270.9 319.6
274.2 270.4 319.6
274.2 269.8 321.1
274.3 270.2 320.7
274.3 270.5 320.9
274.3 271.4 321
274.4 270 321.1
274.4 270.7 321.2
274.5 271.2 321.1
274.5 270.1 319.8
274.6 269.7 319.9
274.6 271.2 319.9
274.7 271.4 321
274.7 271.3 321.5
274.8 270.8 321.5
274.8 269.9 320.9
274.9 271.5 320.3
274.9 270.1 320.5
275 271.2 319.8
275 271.1 320.5
275 271.5 320.8
275 270.1 321.3
275 270.1 321.4
275.1 269.7 321.3
275.2 271.4 319.9
275.2 271.5 320.2
275.2 269.9 320.1
275.2 270.6 321.3
275.2 271.5 321
275.3 270.4 321.1
294.6 811.3 101.9
294.6 810.2 103.3
294.6 810.1 102.9
294.7 810.2 103.1
294.7 811.7 102.8
294.7 811.8 102.7
294.8 811.1 103
294.8 810.2 103.3
294.9 811.1 101.9
294.9 810.2 102.4
295.1 811.9 103.7
295.1 811.6 103.6
295.2 812 101.9
295.3 810.9 103.1
295.3 810.2 102.7
295.3 810.7 102.3
295.4 811.9 103.5
295.4 810.4 102.2
295.4 811.7 102.5
295.4 810.5 102.6
295.4 811.4 102.4
295.4 811.9 101.8
295.5 811.5 102.7
295.6 811 103.5
295.6 811 101.9
295.6 810.1 103.7
295.7 810.4 102.4
295.8 810.4 101.9
295.8 810.3 102.1
295.8 812 103.3
295.9 811.6 102.2
295.9 811.2 103.3
296 811.9 102.6
296 811.7 103.6
296 811.7 103.2
296 811.3 102.6
296.1 811.3 102.5
296.1 810.6 102.5
296.1 810.7 103.7
296.2 810.1 103.6
296.2 811.6 102.5
296.3 810.9 101.9
296.3 810.2 101.8
296.3 810.1 102.1
296.3 810.7 103.2
296.4 811.6 103.6
296.4 811.2 101.9
296.4 811.8 102.7
296.5 810.1 103.6
296.5 812 101.9
298.3 185.2 555
298.3 184 556
298.4 184.9 554.6
298.4 184.8 555
298.4 184.8 555.7
298.5 184.2 555.7
298.7 183.5 555.2
298.7 184.7 555.7
298.7 185.4 554.4
298.7 184 554.8
298.8 184.4 554.2
298.8 185 554.6
298.9 185 555.2
298.9 185.4 554.8
298.9 185.1 554.5
298.9 184.2 555
298.9 183.7 555.9
299 184 554.8
299 184.7 555.2
299 185.3 554
299 184.2 554.3
299 183.8 555.6
299.1 183.9 554.1
299.1 183.8 554.6
299.2 183.6 554.2
299.2 185 555.2
299.3 184.8 554.4
299.3 183.5 555
299.4 185 555.6
299.5 185.2 554.9
299.5 184.4 555.4
299.6 185.1 555.7
299.7 184.3 554.7
299.9 184.9 555
299.9 185.4 555.5
299.9 185.4 554.3
299.9 183.7 555.4
300 184.1 554.4
300 185.1 554.1
300 184 554.8
300 183.9 554.7
300.1 184.5 554.9
300.1 184 554.7
300.1 184.9 555.2
300.1 183.4 554.9
300.2 184.3 555.8
300.2 183.9 555.3
300.2 184.9 554.3
300.2 183.6 555.8
300.2 184.4 554.9
330 189.9 146.2
330 190.8 146.2
330.1 189.8 147.2
330.2 190.4 146.2
330.2 189.4 146.4
330.2 191.2 146.3
330.2 190.2 146.4
330.3 190.3 145.9
330.3 189.5 145.8
330.3 190.5 146.6
330.4 190.8 146.6
330.4 191 146.7
330.4 190.8 146.8
330.5 191.1 146.8
330.6 189.4 146.5
330.6 189.7 145.9
330.6 190.4 145.5
330.7 189.9 146.7
330.7 190.7 147
330.7 190.1 146.7
330.8 190.7 145.6
330.9 191 146.5
330.9 190.5 146.8
331 190.8 145.6
331 190.4 146
331 191.1 147
331.1 189.7 146.4
331.1 191 146.5
331.1 191.1 147.3
331.1 190.4 146.9
331.2 191.1 145.6
331.2 189.6 145.6
331.2 190.6 146.6
331.3 190 146.9
331.3 190.7 145.7
331.3 190.8 146.6
331.3 190.7 146.4
331.4 190.5 146.5
331.4 189.6 147
331.4 189.6 145.4
331.5 190.2 145.5
331.5 189.6 146.6
331.6 189.7 146
331.6 189.4 145.4
331.6 189.7 145.8
331.7 190.3 146.1
331.8 189.5 147.1
331.8 189.4 146.8
331.9 190.7 145.7
331.9 191.1 146.4
339.4 516.2 827.3
339.5 517 827.2
339.5 516.3 828.2
339.5 517.9 827.5
339.5 517 827.3
339.6 517.5 827.1
339.6 516.7 828.3
339.7 518 828.2
339.7 518 828
339.7 516.4 827
339.7 516.2 828.2
339.7 516.3 828.7
339.8 516.5 827
339.8 516.7 827.3
339.8 517.7 828
339.9 516.4 827.7
339.9 517.9 827
339.9 516.7 827.6
340 516.7 827.8
340 517.7 827.1
340 516.4 828.2
340.1 516.9 828.2
340.1 517.7 828.6
340.2 517.3 827.3
340.2 517.1 827.6
340.2 517 828.7
340.3 516.3 828.6
340.3 517.3 827.9
340.5 517.1 828.5
340.6 517 828.5
340.6 517.4 829
340.7 516.5 827.4
340.7 516.8 827.1
340.7 517.7 828.9
340.7 518.1 828.7
340.7 517.6 828.8
340.8 517.6 828.4
340.9 517.1 827.1
340.9 516.9 828
341 516.1 827.1
341 516.7 828.9
341 517.1 828.6
341.1 517.5 828.2
341.1 516.6 827.6
341.2 517.9 828
341.2 516.6 828
341.2 516.5 827.4
341.2 517.3 828.8
341.3 516.9 827.4
356.2 657 842.9
356.3 656.8 842
356.3 657.2 841.4
356.3 657.5 841.5
356.5 656.9 842.6
356.5 656.6 841.9
356.5 656.3 842.4
356.6 657.7 842.1
356.6 656.3 842.2
356.6 656.6 841.5
356.6 658.1 842
356.6 656.9 841.4
356.7 657.1 842.7
356.8 656.3 842.9
356.8 658.2 841.5
356.9 657.3 842.4
356.9 656.9 841.3
357 657.9 842.7
357 656.9 841.3
357.1 657.8 842.6
357.3 658.1 842
357.3 657.7 842.1
357.4 657.1 843
357.4 658.1 841.6
357.5 656.4 841.1
357.5 657.7 841.6
357.5 657.8 842.4
357.6 656.6 843
357.6 656.3 842.9
357.7 656.3 842.1
357.7 656.3 841.8
357.7 657.2 842.1
357.8 656.3 842.7
357.8 657.4 841.5
357.9 656.9 842
357.9 657.2 841.5
358 656.7 842.7
358 657 842.2
358 657.4 841.8
358 657.2 842.4
358 657.3 841.4
358.1 658 842
358.1 657.4 841.4
358.1 657.3 841.9
358.1 656.9 842.5
358.2 656.5 841.3
358.2 658.2 842.4
358.2 658.1 841.2
358.2 657.8 842.5
358.2 657.7 842.1
360.4 212.8 226.7
360.5 212.3 225.5
360.5 213.5 225.3
360.5 212.6 227.2
360.7 213.3 225.6
360.8 212.9 226.8
360.8 212.2 226.7
360.8 213.8 226.7
360.8 213.3 225.2
360.9 213.7 225.4
360.9 212.3 226.9
360.9 213.3 226.6
360.9 212.5 226.2
360.9 212.7 226.3
361 212.8 227.2
361 213 225.8
361 212.6 226.9
361 213.7 226.5
361 212.7 226.3
361.1 213.4 226.8
361.1 212.8 226.4
361.1 213 226.7
361.1 213.7 225.9
361.2 213.5 227
361.2 212.2 225.3
361.3 212.6 227.1
361.3 212.4 226.7
361.3 213 227
361.4 213.5 226.2
361.4 212.8 226.7
361.4 212.1 226.2
361.6 213.6 226.8
361.6 213.1 227
361.7 212.4 225.2
361.7 212.5 225.2
361.8 212.8 225.7
361.8 213.3 225.6
361.9 213.2 226.1
361.9 213.6 226.3
361.9 212.9 225.9
361.9 213.5 226
362 212.9 225.2
362 212.9 227.2
362.1 212.1 225.9
362.1 213.8 227
362.2 212.9 225.9
362.2 213.3 225.3
362.3 213.8 225.5
362.3 212.1 226.2
362.3 213 225.9
378.4 436.8 376.8
378.4 438.5 377.1
378.5 436.9 375.4
378.7 437.6 375.3
378.7 437.3 377
378.7 437.7 375.7
378.8 436.9 376.4
378.8 438.5 376.9
378.9 437.2 376.2
378.9 436.9 375.9
378.9 438 376.3
378.9 437.2 375.4
379 437.1 376.8
379 437.6 377.1
379.2 438.3 375.8
379.2 438.1 376.2
379.2 438.4 376.4
379.2 438.3 375.6
379.2 437.4 375.7
379.3 436.9 376.4
379.3 438.2 376
379.4 437 375.5
379.5 437.7 376.4
379.5 437.1 375.5
379.6 436.6 376.7
379.6 438.3 376.3
379.6 437.9 377
379.6 437.7 376.2
379.6 436.9 376.1
379.7 436.8 375.5
379.7 438.1 375.4
379.8 437.2 377.2
379.8 437 375.3
379.8 438.2 376.3
379.8 438.3 376.5
379.9 437.3 375.4
379.9 436.9 376
379.9 437.2 376.3
380 436.8 376.7
380 437.3 376.7
380 437.8 377
380.1 436.8 376.8
380.1 437.5 376.2
380.1 438.1 376
380.1 437.7 376.7
380.1 437.8 377.2
380.1 438.5 377.2
380.2 438.1 375.7
380.2 438.4 377.1
380.2 438.1 377
379.6 854.6 597.8
379.6 853.6 597.9
379.7 854.1 599.2
379.7 854.7 598
379.7 853.1 598.7
379.7 854.2 598.3
379.7 853.9 598.2
379.9 853.2 598.4
379.9 854.6 597.6
380 854.3 598.8
380 854.6 597.9
380.1 854.1 599.2
380.1 853.4 598.2
380.1 853 597.7
380.2 854.3 599.3
380.3 853.6 599.2
380.3 854 598.5
380.4 853.9 597.4
380.4 854.8 597.7
380.4 854.8 598.9
380.4 854.8 597.9
380.5 853.2 599
380.5 854.1 597.4
380.5 853.1 598.4
380.5 854.1 599.4
380.6 853.8 599.2
380.6 854.2 598.2
380.6 853.4 597.5
380.7 853.6 599.2
380.7 854.3 598.1
380.7 854.2 597.7
380.8 853.8 597.6
380.8 853.1 598.4
380.9 853.1 598.5
380.9 853.7 597.5
380.9 854 598.8
381 854 597.9
381 853.6 598.1
381 853.7 599.3
381.2 853.9 597.5
381.2 854.4 599.1
381.3 854.5 598.4
381.3 854.8 597.6
381.3 852.9 597.9
381.3 854.6 597.5
381.3 854.5 599.2
381.4 854.3 598
381.5 854.3 597.6
381.5 854.7 598.9
381.5 852.9 597.8
380.1 835.3 982.2
380.2 836.2 981.5
380.2 835.7 981.9
380.2 836.2 982.8
380.3 835.7 981.9
380.3 835.2 982.4
380.4 834.2 981.6
380.4 834.7 983.1
380.4 836.2 981.9
380.5 834.7 983
380.5 835.4 982.5
380.6 835 982.7
380.6 836.1 982.3
380.6 835.3 982.4
380.8 835.7 983.5
380.8 835.5 983.4
380.9 835.2 981.6
380.9 834.5 982.9
380.9 835.6 982.7
380.9 835 982.7
381 835.5 983.4
381 835.4 982.9
381 836 983.3
381.1 836.2 982.6
381.1 834.3 982.6
381.1 835 982.7
381.2 835.3 983
381.3 834.4 981.9
381.3 834.7 982.4
381.3 834.4 983
381.3 835.6 983.5
381.3 834.4 982.6
381.4 834.8 981.7
381.5 834.4 981.7
381.5 835.1 983.2
381.6 835.2 983.2
381.6 834.8 981.8
381.7 834.5 981.8
381.7 835 982.7
381.7 835.2 983.2
381.8 835.3 983.2
381.8 834.7 983.3
381.8 834.7 982
381.8 835.3 982.5
381.9 834.4 981.6
382 835.6 983.5
382 836.1 983.5
382.1 834.5 982.5
390.1 483.6 194
390.1 484 192.3
390.2 482.8 193.5
390.2 483.7 193.2
390.2 483.1 193.9
390.2 483.3 192.9
390.2 483.7 193.3
390.3 483.2 193.2
390.3 483.3 193
390.3 483.8 193
390.4 483.3 193.6
390.4 484.1 192.7
390.4 483.4 192.5
390.5 484.3 192.9
390.5 484 193.2
390.6 483 193
390.6 484.1 192.3
390.7 482.6 194.2
390.7 482.8 193.8
390.7 484.4 193.8
390.8 484 192.9
390.8 483.5 192.6
390.8 482.6 193.8
390.9 482.8 194
391 484 193.9
391 483 193.8
391.2 482.6 192.9
391.2 483.2 193.5
391.2 483.6 193.6
391.3 483.2 192.5
391.3 484.4 194
391.3 483.6 192.3
391.4 483.4 193.6
391.4 482.8 192.5
391.5 483.7 193.4
391.5 483.7 193
391.5 484.2 192.8
391.5 484.2 194
391.6 483.6 193
391.6 482.9 194.2
391.7 484.4 194.1
391.7 483.4 192.3
391.7 483.6 193
391.7 483.1 193.3
391.8 484.3 193.1
391.8 484.1 192.8
391.8 484.4 193.8
391.8 484.3 193.5
392 483.1 192.5
392 482.9 194.2
394 976.6 209.5
394 976.9 211.2
394 975.6 209.8
394.2 975.2 210.1
394.2 975.8 211.2
394.3 976.7 209.6
394.3 976.7 210.7
394.3 977 211.2
394.4 976.8 209.6
394.4 976.7 210.5
394.5 976.6 210
394.6 975.1 210.6
394.6 976.7 211
394.7 975.8 211
394.8 975.6 210.5
394.9 976.9 210.5
394.9 975.3 211
394.9 976.2 211.1
394.9 976.7 210.2
395 975.6 210.4
395 976.9 210.5
395 976.4 209.5
395 975.1 209.7
395.1 976.4 211.4
395.2 975.8 211
395.3 975.2 210.7
395.3 976.6 211.5
395.3 975.2 211.4
395.4 976.3 211.2
395.4 975.5 211.3
395.6 976.4 211.4
395.6 975.8 210.5
395.6 977 210.6
395.6 976.8 210.8
395.6 976.4 211.2
395.7 976.3 210.1
395.7 976.4 211.4
395.8 975.1 209.9
395.8 975.2 211
395.8 975.9 209.5
395.8 976.5 210.9
395.9 976.1 210.2
395.9 975.3 209.6
395.9 975.4 211.5
395.9 975.9 210.5
395.9 975.8 211
395.9 977 210.9
395.9 976.2 210.4
396 976 211.4
396 975.7 210.1
394.6 969.9 70.7
394.7 971 72.1
394.7 969.7 71.1
394.7 971.2 71.2
394.7 969.6 71.7
394.7 969.4 72.1
394.7 969.5 71.1
394.9 969.4 71.4
394.9 969.9 71.3
394.9 970.9 71.8
394.9 970.3 70.7
395 969.3 72
395.1 969.4 72
395.1 970.8 72.6
395.1 969.5 72.2
395.2 970.1 72.4
395.2 969.6 71.1
395.2 970.7 71.8
395.3 969.3 71.3
395.3 971.3 71.4
395.4 970.1 71.4
395.4 970.7 71.3
395.6 971 72.4
395.6 969.8 72.1
395.6 970.6 72.6
395.6 969.5 71.6
395.6 969.3 72.5
395.6 969.8 71.4
395.6 969.5 70.7
395.6 969.4 70.9
395.7 971.1 72.2
395.7 970.6 70.8
395.8 970.3 71.8
395.8 970.2 71.5
395.9 970.7 72
395.9 969.3 72.6
395.9 970.1 71.2
395.9 970.9 72.6
396.1 970 72.5
396.1 971 70.9
396.1 970 72.2
396.2 969.4 72.1
396.2 969.9 72.6
396.2 971.3 72.3
396.2 970.8 71.3
396.3 970.1 72.4
396.3 970.7 72.5
396.3 970.3 71.5
396.3 971.1 72.5
396.5 969.4 71
410.6 779.5 655.6
410.7 780.4 657.4
410.7 780.5 656.4
410.7 780.3 657.1
410.8 781.3 656.8
410.8 780.9 657.3
410.8 780 655.6
410.9 781.2 656.6
411 780.7 657.1
411 780.3 656.5
411.1 779.6 655.6
411.1 780.9 656.8
411.1 780 656
411.2 780.7 656.7
411.2 780.2 656
411.3 780.4 655.6
411.3 781.1 656.3
411.4 779.5 657.4
411.4 780.9 655.6
411.4 779.7 655.7
411.5 779.5 656
411.5 780.7 656.7
411.6 779.9 656.1
411.7 781.1 657.3
411.8 781.2 657.5
411.8 780.8 657.2
411.8 780.8 656.6
411.8 780.3 656.4
411.8 780.9 656.5
411.9 780.4 657.5
411.9 781.1 656.2
411.9 780.7 657.1
412 779.6 655.7
412 779.9 656.4
412 781.3 656.6
412.1 781.2 656.8
412.1 781.3 656
412.1 780.1 656.5
412.2 779.6 656.1
412.2 781.2 657
412.2 781 655.7
412.3 780.6 656.1
412.3 780.5 657
412.3 781.3 657
412.3 781.2 656.9
412.4 780.8 655.6
412.4 780.8 656.4
412.4 780.7 656.3
412.5 780.4 656
412.6 779.8 657.4
412 86.1 883
412 86.5 882.6
412.1 86.9 882.5
412.1 86.5 882.8
412.2 86.5 882.3
412.2 87 883.3
412.2 85.7 881.8
412.3 86 882.6
412.3 85.7 883.3
412.3 86.9 882.6
412.3 85.8 882.6
412.3 86.2 882.7
412.3 86.5 883.4
412.5 86.2 882.1
412.5 86.7 882.6
412.5 86.3 882
412.6 87.3 881.7
412.6 87.3 882
412.7 87 881.5
412.7 86.1 883.1
412.7 86.6 881.7
412.8 86.8 881.9
412.8 86.7 882.6
412.9 86.2 882.5
413 87.4 883.2
413.1 87.1 883.1
413.1 85.9 882.3
413.1 87 881.8
413.2 86.7 882
413.4 86.2 883.2
413.4 86.3 882.4
413.4 86.1 883.3
413.4 86.2 882.6
413.5 87.2 883.2
413.5 87.3 882.9
413.5 86 881.7
413.5 86.8 883.1
413.6 86.4 882.1
413.6 87.5 882.7
413.6 86.1 882
413.7 87.3 883.2
413.7 86.6 881.7
413.8 85.9 882.2
413.8 85.9 882.8
413.8 87.1 881.9
413.8 85.9 882.3
413.9 86.6 882.7
413.9 87.4 881.5
413.9 86.8 882.6
413.9 86.7 882.1
428.4 635.9 93
428.5 635.1 93.6
428.5 636 94.3
428.5 636 93
428.5 635.3 93.9
428.5 635.6 94.4
428.5 635.1 93.3
428.6 634.5 93.9
428.6 634.8 94.4
428.6 636.4 93.7
428.7 635.2 93.4
428.7 636.4 94.4
428.8 636.2 93.9
428.8 635.2 93.5
428.8 636.1 93.7
428.8 636.1 93
428.8 635.1 93.9
428.9 634.5 94.8
428.9 634.8 93.2
429 635.6 94.2
429 634.8 93.3
429 636.2 94.2
429.1 636.3 93.6
429.1 636 93.8
429.2 635.4 93.5
429.2 635.6 94.1
429.4 635.2 94.3
429.4 635.2 94.7
429.5 635.7 93.7
429.6 634.9 94.1
429.6 635.6 93.9
429.6 636 93.7
429.6 635.5 93.6
429.6 634.4 94.1
429.6 634.7 93.5
429.7 635.9 93.5
429.7 634.5 93.8
429.7 635 94.4
429.7 635.8 93.4
429.8 636.1 93.2
429.8 635.4 93.3
429.8 635.3 92.9
429.9 635.2 94.3
429.9 635.8 93.7
430 636.1 93.4
430 635.5 93.1
430.1 634.7 93.9
430.2 634.5 93.8
430.3 635.7 93.2
430.3 635.2 93.3
429.6 707.3 851.6
429.6 708.2 852
429.7 707.6 852.8
429.7 707.2 851.9
429.7 707.4 851.3
429.7 706.6 853
429.8 706.9 851.9
429.8 707.9 852.3
429.8 707.2 852.1
429.9 708 853
429.9 706.5 851.1
429.9 707.8 853
430 706.7 852.9
430 707.1 852.3
430.1 706.8 852.6
430.1 708.2 851.9
430.2 706.4 851.2
430.2 707.5 851.6
430.3 707.7 851.4
430.3 708.1 853
430.3 707.7 851.6
430.4 707.6 853.1
430.4 706.3 851.5
430.5 707.4 852.1
430.6 707.4 851.8
430.7 706.9 852.1
430.7 707.6 852.6
430.7 706.4 851.3
430.8 707.2 852.9
430.8 707.6 852
430.8 708 851.1
430.9 706.9 852.9
430.9 707.6 852.6
430.9 707.5 851.3
430.9 706.9 852.2
431 707.3 851.1
431.1 707.3 851.8
431.2 706.8 852.4
431.2 707.6 852.9
431.2 706.6 851.2
431.2 707.3 851.4
431.3 707.6 851.1
431.3 707.2 852.1
431.3 708.1 851.7
431.3 706.3 851.8
431.4 706.4 851.8
431.5 707.7 851.4
431.5 707.2 852.8
431.5 707.2 851.9
431.5 706.3 851.3
453.8 539.5 104.6
453.8 538.5 104.6
453.8 540.1 104.9
453.9 540 104.2
453.9 540.1 104.2
453.9 539 104.1
453.9 539.5 104.7
453.9 538.9 104.2
454 538.8 104.5
454 538.3 104.3
454 539.1 104.1
454.1 540 104.3
454.1 538.5 105
454.1 539.3 103.4
454.1 538.6 103.4
454.2 539 103.4
454.2 538.7 104.9
454.2 539.2 104.7
454.3 539.4 103.6
454.3 538.7 104
454.3 539.9 103.3
454.3 538.3 104.8
454.3 540.1 103.9
454.4 540 103.9
454.4 539.5 104.4
454.4 539.4 103.4
454.5 538.9 103.5
454.5 539.2 105
454.6 539 104.2
454.8 539.5 103.4
454.8 539.3 104.6
454.8 538.7 103.8
454.8 538.8 104.6
454.8 539.7 103.2
454.9 539.3 103.9
455 538.4 104.6
455 538.7 104.3
455 539.9 103.2
455.2 539.6 103.7
455.3 538.5 103.7
455.3 538.8 103.4
455.3 539.3 103.7
455.4 538.5 104.9
455.4 539 104.2
455.5 538.5 104.1
455.5 539.2 103.4
455.5 538.4 104.7
455.6 538.4 104.6
455.7 539.1 104.7
455.7 538.9 104.3
466.4 801.9 662.8
466.4 800.2 662.7
466.4 800.1 662.7
466.4 800.7 663.1
466.5 800.6 663.2
466.6 801.6 663.9
466.7 801.2 663.3
466.7 801 663.8
466.7 801.1 664
466.8 801.6 663.8
466.8 801.4 662.8
466.9 801.1 664
466.9 800.8 664
467 801.5 663.5
467 801.8 663.1
467 800.7 662.2
467.1 800.7 663.3
467.1 801.3 662.5
467.1 801.4 662.2
467.1 801.2 662.3
467.1 800.9 662.2
467.2 801.5 662.5
467.2 801.2 662.4
467.2 801.5 663.6
467.3 800.3 663.7
467.4 801.2 662.5
467.4 800.7 663.3
467.6 801.9 663.1
467.6 800.5 663.4
467.7 801.4 662.4
467.7 801.7 662.5
467.7 801.8 662.4
467.8 801.4 663.5
467.8 801.8 663.8
467.9 801.9 662.5
467.9 801.4 662.3
467.9 800.3 663.3
467.9 801.8 663.8
468 800.5 662.4
468 800.2 663.9
468.1 800.4 663.8
468.1 801.9 662.6
468.2 802 662.6
468.2 801.3 663.5
468.2 801.2 664
468.2 802 662.8
468.2 801.3 663.9
468.3 800.1 662.2
468.3 801.3 663.9
467.4 929.4 846.5
467.4 930.7 845.7
467.5 929.7 845.5
467.5 930 846.4
467.5 930 845
467.5 930.3 845.6
467.6 930 845.3
467.6 931.2 845.6
467.6 929.4 846.6
467.7 929.5 845.1
467.7 929.6 846.7
467.7 930.7 846.7
467.7 930.7 846.3
467.7 930 845.8
467.7 929.8 846.6
467.9 930.4 845.2
467.9 930.9 845.8
467.9 931 846.6
468 930.5 845.9
468 931.2 846.2
468.1 929.4 845.6
468.1 930.8 846.8
468.2 931.1 845.6
468.2 929.8 844.9
468.3 929.6 845.3
468.4 931.3 845.5
468.4 931.3 846.7
468.4 929.4 846.6
468.4 930 845.5
468.5 929.3 845.3
468.5 930.2 845.3
468.6 930.5 846.4
468.6 930.3 845.1
468.7 929.7 845.1
468.8 931.1 846.4
468.8 930.8 846.8
468.8 930.8 846.2
468.8 929.4 846.2
468.9 930.2 845.4
468.9 931 845.8
468.9 929.4 844.9
469.1 930.8 846.2
469.1 930.9 846.2
469.1 929.3 846.8
469.2 929.6 846.2
469.3 930.8 845.6
469.3 930.1 844.9
469.3 929.9 845.4
469.3 929.7 845.9
469.4 930.8 846.4
473.2 113 443.7
473.2 113.1 442.9
473.2 112.7 443.2
473.2 113.4 443.6
473.3 112.1 442.7
473.3 113 443.3
473.4 112.5 442.6
473.5 112.1 443
473.5 113.4 444.3
473.5 111.8 444.2
473.5 113 444
473.6 111.8 443.8
473.6 112.7 444.2
473.6 111.7 444.4
473.6 111.9 443.1
473.7 112 443.3
473.7 111.8 443.6
473.7 111.8 444.6
473.8 113.2 443.6
473.8 112 444.3
473.9 111.9 443.9
473.9 112.2 444.1
473.9 111.6 442.9
473.9 113.4 443.2
474 112.3 442.8
474 113 442.9
474 112.9 443.6
474.1 113 444.2
474.1 112.4 444.5
474.1 112.6 443.1
474.1 113.4 443
474.1 112.2 444.3
474.2 113.4 444.4
474.3 112.5 443.8
474.3 112 444.4
474.3 113.4 443.7
474.3 112.2 443.6
474.3 113.2 444.2
474.4 113.4 443.5
474.4 111.6 444.2
474.5 112.3 443.7
474.5 112.9 442.8
474.5 112 443.9
474.6 112.7 442.9
474.6 112.5 444
474.7 113.4 442.9
474.8 112.6 442.9
474.8 112.2 444.4
474.8 112 444.5
474.9 112.1 443.8
496.8 426.5 527.8
496.8 424.7 528.3
496.9 425.2 526.9
497 426.5 528.2
497.1 426.1 527.1
497.2 425.1 528.4
497.2 425.2 526.6
497.2 426.5 527.5
497.2 426.1 528.4
497.2 425.3 527
497.3 426.1 527.1
497.3 425.4 528.6
497.3 426.2 527.9
497.4 426.5 526.6
497.4 426.4 528
497.4 425.9 528.1
497.5 425 526.7
497.5 425.6 526.8
497.5 426.4 527.2
497.6 424.9 527.2
497.7 426.2 528
497.7 425.1 526.8
497.7 425.7 527.8
497.7 426.1 528.3
497.7 426.5 528.3
497.7 425.1 528.2
497.8 424.6 528.1
497.8 426 527
497.9 426.4 528.5
497.9 424.7 526.6
498 425.6 527
498 426.1 527.8
498 426.4 526.7
498 426.4 527.5
498.1 426.5 528.4
498.1 424.9 526.9
498.2 425.3 528.3
498.3 425.4 527.1
498.3 425.5 528.4
498.3 425.3 526.9
498.4 426.2 528.3
498.4 425.7 527.5
498.4 424.9 527.6
498.4 426.3 527.3
498.6 425.7 528
498.6 426 527.3
498.7 425.4 527.5
498.7 425.2 527.3
498.7 424.8 527.9
498.7 424.7 527.9
503.2 774.7 134.1
503.2 773 133.5
503.2 774.1 134.8
503.3 773.4 134.7
503.3 773.7 133.8
503.3 773.5 133
503.4 773.8 133.8
503.4 773.5 133.4
503.4 773.2 133
503.4 774.2 134.4
503.5 772.7 135
503.5 774.4 134.6
503.7 773.1 133.4
503.7 774.2 134
503.8 773.6 134.4
503.8 773.5 134.7
503.9 774.1 133.9
503.9 774.4 133.6
504 772.7 133.3
504 773.2 133.1
504.1 773.9 133
504.1 774 134.2
504.2 774.7 134.5
504.2 773.2 133.4
504.3 773.1 133.8
504.3 774.1 133.8
504.3 773.5 134.2
504.3 773.7 134.1
504.3 774.6 134.1
504.3 772.9 134.4
504.4 774.3 134.6
504.5 773.9 134
504.6 774 134.4
504.6 774 134
504.6 773.3 134.4
504.7 774.4 134.8
504.7 772.7 133.3
504.7 774.3 134.5
504.7 773.1 134.7
504.8 773.3 133.7
504.8 773.3 133.3
504.8 773.7 133.5
504.8 774 134.4
504.8 774.5 134.7
504.9 772.8 133.4
504.9 773.7 134.8
505 773.4 134
505 774.3 134.2
505 773.6 134.6
505 773.3 134.6
530.9 430.9 189.2
531 431.1 188.6
531 431.3 189.2
531 431.9 188.7
531.1 432.4 189.2
531.1 432.7 190
531.2 431.4 188.7
531.2 431.5 189.9
531.2 430.9 189.7
531.2 431.6 189.8
531.2 432.7 189.9
531.3 431.9 188.6
531.3 431.3 188.9
531.4 431.9 189.9
531.4 432 190.3
531.4 432.4 189.6
531.4 432.5 189
531.5 432.1 190
531.5 432.7 189.2
531.6 432.4 189.3
531.6 431.2 189.2
531.7 431 189.9
531.7 432.4 188.9
531.7 432.2 189.9
531.7 431.6 188.9
531.8 431.7 190
531.8 431.1 189.1
531.9 432.2 190.4
531.9 431.8 188.8
531.9 431.2 189.3
532 431.4 190
532 431.1 188.5
532 432.4 188.8
532 430.8 189.4
532 432.3 189.4
532.2 432.8 189.2
532.2 430.9 190.1
532.2 430.9 188.6
532.3 432.5 188.9
532.3 432.8 188.7
532.3 431.2 188.5
532.3 431.9 188.7
532.4 430.8 189.7
532.5 432.4 190.3
532.6 431.3 190.5
532.7 432.7 189.7
532.8 431.8 190.4
532.8 431.7 188.6
532.8 431.6 188.5
532.8 431.2 189.4
539.8 670.2 737.6
539.9 669.6 737.2
539.9 668.7 736.8
539.9 670 737.6
539.9 670.3 736.1
540 669.1 736.6
540 669.4 736.2
540 669.7 736.9
540 670.1 737.1
540.2 669.5 737.5
540.2 668.8 736.7
540.3 669.6 735.8
540.3 669.7 736.7
540.4 670.5 736.1
540.4 668.5 736.8
540.4 670.1 737
540.5 670.3 735.7
540.5 669.9 735.9
540.6 669.8 736.2
540.7 669.2 736.5
540.7 668.8 737.3
540.7 670.1 735.7
540.7 669 736.3
540.8 670.1 736
541 668.7 737.5
541.1 669.1 735.8
541.1 669.9 736.7
541.1 669.8 735.9
541.2 669.1 737.2
541.3 669.5 735.8
541.3 669.3 736.1
541.3 670.3 736.5
541.3 669.9 736.5
541.4 669.7 736.5
541.4 669.3 736.9
541.4 669.8 737.5
541.5 669.5 737.5
541.5 669.1 736.4
541.6 670.4 736.9
541.6 670.4 735.9
541.6 669.7 737.2
541.6 669.5 737.1
541.6 670.1 736
541.7 670.3 736.8
541.7 668.9 736.7
541.7 669.4 736.6
541.7 669.4 735.7
541.8 669 735.8
541.8 668.7 736.7
544.9 308.1 336.5
544.9 307.1 335.5
545 308.5 335.4
545 308.8 336.8
545 307 336.4
545.1 308.6 335.9
545.1 308.5 336.4
545.2 308.7 335
545.2 308.4 336.6
545.2 308 336.3
545.3 308 335.1
545.3 308.7 336.6
545.4 307.8 335.2
545.6 308.7 336.7
545.6 308.7 335.8
545.6 308.6 335.7
545.7 307 335.5
545.7 308.1 335.7
545.8 308.8 336.7
545.8 308.1 335.7
545.9 308.4 337
545.9 308.8 335.1
545.9 307.2 335.1
545.9 307.3 335.5
546 308.1 335.6
546 308.2 335.5
546.1 307.5 335.5
546.2 308.8 336.9
546.3 308.3 336.4
546.3 307.6 335.9
546.3 307.7 336
546.3 308.1 335.4
546.3 307.3 335.6
546.3 308.5 336.7
546.4 307 336.8
546.4 308.1 335.7
546.4 307.7 336.7
546.4 307 335.2
546.4 307.4 335.8
546.4 308.5 335.1
546.4 307.1 335.7
546.5 307.6 336.1
546.5 307 337
546.5 308.7 335.8
546.5 308.2 335.7
546.6 308 336.2
546.6 307.5 336.9
546.7 307.4 336
546.7 307.7 335
546.7 308.2 337
547.6 870.7 45.1
547.7 870.7 43.5
547.8 870.9 44.8
547.8 871.1 45.1
547.8 870 45
547.9 869.9 44.1
548 871.4 43.5
548 869.8 45
548.1 869.8 43.2
548.1 870.9 44.4
548.2 869.7 44.8
548.2 870 44.8
548.3 869.8 44.8
548.3 871.5 44
548.3 870.6 43.1
548.3 870.2 43.2
548.4 871.3 44.9
548.4 870.4 44.1
548.4 870.9 43.6
548.5 869.9 43.9
548.6 871.6 44.3
548.6 870.3 43.2
548.7 870.6 44.8
548.7 870.4 44.5
548.7 870.8 43.9
548.7 870.4 44.9
548.8 870.9 44.8
548.9 870.7 43.5
548.9 870.2 44.5
548.9 870.9 43.8
548.9 871.4 43.1
548.9 869.8 43.8
549 871.1 43.9
549 870.6 43.9
549 870.1 44.5
549 870.8 43.2
549.1 869.9 45
549.1 871 44.4
549.1 871.3 43.3
549.2 871.3 44
549.2 869.8 44.9
549.3 870.4 44
549.4 870.3 44.3
549.4 871.5 43.7
549.4 870.9 45.1
549.4 871 43.8
549.5 871.5 44.7
549.5 869.8 43.2
549.5 871.5 45
549.6 870.5 43.8
558.7 103.4 463.1
558.7 103.3 461.8
558.7 102 461.4
558.7 103.7 463.1
558.7 103.8 462.9
558.8 103.7 462
558.9 103.2 461.7
558.9 103.7 462.4
559 101.9 462.2
559 103.6 463.2
559.1 103.8 461.3
559.1 102.9 462.3
559.1 103.1 463
559.1 102.7 462.8
559.1 103.8 462.8
559.2 102.2 463
559.2 103.5 461.5
559.3 102.3 462.3
559.3 103.8 461.2
559.4 102.6 461.2
559.5 102.9 462.4
559.5 103.5 463.2
559.5 103 461.7
559.6 103.4 461.6
559.6 103.1 461.8
559.6 103.8 463.2
559.7 103.5 462.2
559.9 102.9 462.3
559.9 103.3 461.6
560 102.5 461.4
560.1 102.8 461.8
560.1 102.2 462.2
560.1 102.4 461.7
560.2 103 462.6
560.2 102.2 462.1
560.2 103.6 462.7
560.3 103.8 462.3
560.3 102.3 462.7
560.3 102 462
560.4 102.9 462.3
560.4 102.3 462.7
560.5 102 462.2
560.5 102.5 462.8
560.5 103.7 462.1
560.5 102.8 462
560.5 103 461.8
560.6 103.1 462
560.6 101.9 461.4
560.6 103.7 462.4
560.6 102.8 463
579.1 482.2 555.5
579.2 481.2 555.9
579.2 481.3 555.9
579.3 482.8 555.3
579.3 481.3 555.6
579.3 480.9 555.3
579.3 481.6 554.8
579.4 481.2 554.9
579.4 482.2 554.6
579.4 482.3 555.3
579.4 481.2 554.8
579.5 482 555.2
579.5 481.9 555.3
579.6 482.3 556.2
579.6 482.1 554.8
579.6 481.7 555.4
579.7 481.9 554.5
579.7 482.7 554.9
579.8 482.6 555.6
579.8 481.9 555.7
579.8 481.4 555.9
579.9 481 554.6
579.9 482.8 555.1
579.9 481.9 555.3
579.9 481.4 555.5
580 481.2 554.8
580 482 555.7
580 481.1 555.7
580 482.7 556.4
580 481.3 555.9
580.1 482.6 555.1
580.1 482.6 554.8
580.2 482 555.6
580.2 482 554.9
580.3 481.9 555
580.3 482.5 556
580.4 482.3 556.3
580.4 482.7 555.9
580.5 482.4 556.1
580.5 481.5 556.3
580.6 481.9 555.9
580.6 481.9 556.1
580.7 480.9 555.8
580.7 482.3 554.5
580.8 481.3 556.3
580.9 482.6 554.6
580.9 481 556.1
581 482.1 555.6
581 481.5 555.3
581.1 481.2 556.2
581.9 788.3 978.3
581.9 787.1 979.2
582 788.4 978
582 788.3 979.2
582.1 787.9 978.3
582.1 787.2 979
582.1 787.8 979.2
582.2 788 977.7
582.2 787.4 978.8
582.2 787.3 977.8
582.3 787.5 977.7
582.4 787.6 979.3
582.4 788.8 979.2
582.4 787.4 977.7
582.5 788.6 977.8
582.6 787.5 979.3
582.7 788.1 978.6
582.8 788.7 978.6
582.8 787.9 978.3
582.8 788.4 979.3
582.9 788.7 979.4
582.9 787.6 979
582.9 788.3 977.5
582.9 788.6 978.5
582.9 788.2 978.7
582.9 787.6 978.5
582.9 787.9 978.4
583 788.2 979.2
583 787.8 979.3
583.1 788.9 978.2
583.2 788 977.7
583.2 787.3 979.3
583.2 786.9 979
583.2 787 979.4
583.3 787.6 978
583.3 788.8 979.1
583.3 787.4 977.7
583.4 788.1 979
583.4 788.4 978.2
583.5 788.1 978.4
583.5 787.2 979.1
583.5 788.1 977.9
583.5 788 979.3
583.6 788.4 977.6
583.6 788.5 978.7
583.6 787 977.8
583.7 788.1 979.4
583.7 787.6 978.8
583.7 786.9 978.8
583.7 788.7 978.8
608.5 200.1 576.3
608.6 199.2 576.4
608.6 199.9 576.6
608.6 198.8 576.1
608.7 199.1 576.2
608.7 199.7 576.9
608.7 198.4 575.5
608.7 199.9 575.3
608.8 199.8 575.3
608.8 198.3 576.9
608.8 198.4 575.4
609 199.2 576.3
609 200.1 576.1
609 198.5 576
609.1 199.1 575.8
609.1 199 575.6
609.1 199.1 575.3
609.2 198.2 576.2
609.3 199.2 575.7
609.4 198.8 575.8
609.4 199.7 575
609.5 198.8 576.8
609.5 198.2 575.5
609.5 198.4 575.4
609.5 198.9 576.2
609.6 198.4 576.2
609.7 199.5 576.7
609.8 199.2 576.7
609.8 199.5 575.6
609.8 199.5 576.9
609.8 198.5 576.9
609.9 200.1 575.2
609.9 198.7 576.7
609.9 198.4 575.8
610 198.9 575.1
610 198.2 576.6
610 198.3 576
610 199.7 575.6
610.1 199.5 575.2
610.1 198.3 575.2
610.1 200 575.3
610.1 198.5 576.2
610.2 198.8 576.4
610.2 200 575.8
610.2 199.7 575.9
610.3 198.7 576.9
610.3 198.4 575.6
610.4 199.1 576.6
610.4 199.8 576.6
610.4 199.9 575.9
632.4 244 417.6
632.4 244.2 419
632.4 244 417.3
632.4 243.2 419.2
632.4 244.5 419.1
632.6 244.2 417.7
632.7 244.8 418.7
632.7 242.9 419.2
632.7 244.4 418.4
632.8 244.7 418.3
632.9 243.2 417.6
633 244 417.9
633 243.3 419
633.1 242.9 417.3
633.1 244.2 419.2
633.2 244.2 419
633.2 244.1 418.7
633.2 243.3 418.2
633.3 244.5 418.9
633.3 244.3 417.8
633.4 243.4 417.4
633.4 243.5 418.2
633.5 243.3 419.2
633.5 244.4 417.4
633.5 243.2 417.7
633.5 244.3 417.7
633.6 243.8 418.1
633.8 244.5 419.3
633.8 243.1 418.9
633.9 243.3 418.9
634 244.1 417.9
634 244 418.3
634 243.9 417.8
634.1 244.6 417.8
634.1 243.8 418.4
634.1 244.8 418.4
634.1 244.7 418.4
634.1 243.6 417.6
634.1 243.2 418.7
634.1 243.7 418
634.1 244.6 419
634.2 243.3 418.8
634.3 244.3 417.4
634.3 244.8 418.2
634.3 243.4 418.3
634.3 244.5 418
634.3 243 417.8
634.3 243.3 418
634.3 243.2 417.9
634.4 244.6 418.3
645.1 493.2 557.3
645.1 493 557
645.2 492.6 557.7
645.2 492.3 557.1
645.2 493.8 556.9
645.3 492.6 557.4
645.3 492.9 557.4
645.4 493 557.3
645.5 493.4 557.4
645.5 492.9 556.5
645.5 492 557.2
645.6 492.5 557
645.6 492.5 556.7
645.6 493.3 556.5
645.6 493.7 556.4
645.6 492.1 556.1
645.7 492.6 556.2
645.7 492.7 556.3
645.8 492.9 556.4
645.8 492.2 556.9
645.9 493.3 556.7
645.9 493.6 557.4
645.9 492.1 556.3
645.9 493.3 556.7
646 492.8 556.8
646 492.1 555.8
646.1 492.3 557.4
646.1 492.1 556.6
646.1 492 557.8
646.1 493.8 557.8
646.2 493.1 557.5
646.3 493.6 556.3
646.4 491.9 555.9
646.5 493.1 557.5
646.5 492 555.9
646.5 493.5 557.5
646.6 493.7 557.5
646.6 492.2 556.5
646.7 491.9 557.1
646.8 491.9 557.3
646.8 492.5 555.8
646.8 492.2 556.1
646.8 492.1 555.8
646.8 492.8 556.7
646.9 493.2 557.2
646.9 493 556.1
647 492.3 556.6
647 493.6 557.5
647.1 493.6 557.7
651.2 134.6 700.5
651.3 134.9 701.1
651.3 136.2 701.5
651.4 135 700.7
651.4 136 700.4
651.4 135.9 701.2
651.4 136.2 700.2
651.4 135 701.6
651.5 135.6 701.8
651.5 135.2 701.4
651.6 135.8 700.3
651.6 135.2 700.5
651.6 135.5 701.3
651.7 134.4 701.3
651.7 136.4 701.2
651.7 135.9 700.1
651.7 136.1 701.4
651.7 134.9 700
652 134.9 701.8
652 136.2 700.2
652 135.1 700.2
652 135.3 700.4
652.1 135.4 700.3
652.1 134.9 701.6
652.2 136 700.2
652.2 134.5 700.3
652.2 136.2 700.7
652.3 134.8 700.3
652.3 135.8 701.8
652.4 135 700.5
652.4 136.1 700.1
652.4 135.2 701.9
652.5 134.8 701.5
652.6 136.1 700.1
652.6 135.6 700.6
652.6 134.7 701.5
652.6 135.6 701.2
652.7 134.4 701.4
652.8 135.8 700
652.8 134.9 700.5
652.8 134.5 701.6
652.9 135.1 701.1
652.9 135.7 701.9
652.9 136.4 700
653.1 134.6 701.8
653.1 135 701.4
653.1 135.1 700.3
653.1 135.7 701.2
653.2 134.7 700.5
653.2 135.1 701.4
664.5 414.7 8.9
664.5 415.9 8.3
664.6 415 7.5
664.6 415.5 8.1
664.7 414.5 8.2
664.7 415.9 8.5
664.7 414.2 8.4
664.7 415.8 8
664.7 415.6 7.5
664.8 414.9 7.8
664.8 414.3 8.9
664.8 415.7 8.9
664.8 414.6 7.9
664.8 415.2 8.2
664.8 414.9 9
664.9 415 8.7
664.9 414.5 8.5
665 414.7 8.4
665.1 416.1 7.4
665.1 414.9 8
665.2 414.7 7.7
665.2 415.5 7.9
665.2 415.3 9.2
665.2 415.2 7.3
665.3 415.7 8.4
665.3 414.9 7.6
665.3 414.7 7.6
665.3 414.8 7.7
665.3 415.6 7.7
665.4 415.5 8.2
665.4 414.6 7.6
665.4 415.7 7.8
665.5 414.7 8.3
665.5 415.2 7.3
665.6 415.3 7.4
665.6 415.3 9.2
665.7 414.3 7.5
665.7 414.2 8.3
665.8 414.2 8.3
665.9 414.9 8
665.9 414.2 8.6
665.9 415.2 7.5
665.9 415.8 7.7
666.1 416 8.7
666.2 414.5 7.7
666.2 414.9 8.5
666.2 416 8.8
666.3 415.5 8.1
666.4 414.1 7.7
666.4 416 7.8
669.5 667.1 456.8
669.5 666.1 455.9
669.5 667.6 457.6
669.7 666.3 457.2
669.7 667.2 456.9
669.7 668 456.2
669.7 668 456.3
669.7 667 456.4
669.8 666.7 457
669.9 666.7 457.4
669.9 667.6 457
669.9 666.1 456.4
669.9 667.1 457.1
670 666.2 457
670 666.5 456.9
670.1 667.3 457.8
670.2 666.2 455.9
670.2 666.8 457.6
670.2 667 456.4
670.3 667.3 457.5
670.3 667.7 457.1
670.3 666.9 457.8
670.4 666.5 456.4
670.4 666.7 455.9
670.4 666.8 457.5
670.5 668 456.4
670.5 666.7 457.7
670.5 667.1 457.7
670.6 667.7 457.3
670.7 666.6 456.4
670.7 667.4 456.7
670.8 667.8 456.2
670.8 666.3 456.9
670.9 667.2 456.8
670.9 667.4 457.5
670.9 667.5 456.1
671 666.3 457.4
671.1 667.8 457.1
671.1 667.6 457.8
671.1 666.8 457
671.2 666.6 456.3
671.2 666.4 456.2
671.2 666.1 457
671.2 667 457
671.2 666.8 457.5
671.3 666.3 457.1
671.4 666.9 457
671.4 666.7 457.5
671.4 666.4 456.3
671.5 666.9 457.5
674 215.6 437.1
674 215.4 437.1
674 215.1 437.2
674 214.2 435.5
674.1 215.1 436.3
674.1 215.6 435.5
674.2 215.7 436.5
674.2 216.1 436.1
674.2 214.9 435.5
674.2 215.3 436.6
674.3 215.2 436.5
674.4 214.5 436.8
674.4 216 436.1
674.4 215.6 435.4
674.5 214.5 435.7
674.5 214.8 437.1
674.6 215.4 436
674.6 215.9 435.9
674.7 215.1 435.9
674.7 214.8 436.2
674.7 216.2 436
674.7 214.4 435.7
674.7 216.1 436.9
674.8 214.7 436.6
674.8 214.5 436.1
674.9 216 436.5
675 215.5 437.1
675 215.5 436.5
675 214.3 436.2
675.1 215.2 436.5
675.1 214.4 435.8
675.1 215.5 436.7
675.2 214.6 435.5
675.3 215.4 435.9
675.3 215.1 436.4
675.3 215.6 436.1
675.4 214.8 435.9
675.4 215.5 436.7
675.4 215.9 435.7
675.5 214.6 436.4
675.5 216.2 436.2
675.6 215.3 435.4
675.6 214.5 437
675.6 215.1 435.8
675.6 214.8 435.2
675.6 215.6 435.5
675.7 214.7 436.7
675.8 216.2 435.2
675.8 215.6 437.1
675.9 215.4 437.1
684.1 451.9 261.6
684.1 451.4 262.5
684.2 452.6 261.2
684.2 451.2 262.2
684.2 451.6 260.7
684.3 452.5 261
684.3 452.4 262.3
684.3 451.8 261.4
684.3 451.2 261.5
684.4 452 261.1
684.4 452.5 261.8
684.5 452.2 261.8
684.5 450.8 261.2
684.5 451 262.2
684.6 452.5 261.6
684.6 451.7 260.7
684.6 451.5 261.6
684.7 450.8 261.5
684.7 452.7 260.9
684.8 451.7 260.9
684.9 451.6 261.6
684.9 451.3 261.1
685 451.3 261.9
685 452.4 260.7
685.1 452.3 261.7
685.2 451.8 262.1
685.2 451.3 261.9
685.2 452.4 262.1
685.3 451 262.2
685.3 452 261.5
685.4 452.2 262.1
685.4 452.7 261.6
685.5 452.3 260.8
685.6 452.2 261
685.6 452.3 261.4
685.6 451 262.6
685.6 452.7 262.2
685.7 452.1 260.8
685.7 452.7 262.4
685.7 451.3 261.7
685.7 450.9 262
685.8 451.6 261.2
685.8 452.6 261.6
685.9 452.4 261.4
685.9 451.1 262.3
686 451.9 261.2
686.1 451.9 262.6
686.1 452.2 261.5
686.1 452.4 260.9
686.1 451.3 261.3
687 767.9 801.5
687.1 768 800.9
687.1 768.4 800.3
687.2 767.8 800.5
687.3 768.4 800.4
687.4 767.6 800.8
687.4 769 800.3
687.4 769.1 800.6
687.4 767.4 801.4
687.5 767.5 799.9
687.5 768.6 800.9
687.6 767.6 801.3
687.6 768.2 800.8
687.6 768.4 800.2
687.6 767.9 801.2
687.7 768.2 801.3
687.7 767.5 800
687.7 767.8 800.3
687.8 767.8 800.4
687.8 768.8 800.9
687.8 769.2 801.7
687.8 769 801.1
687.8 769.1 800.9
687.9 767.6 801.2
688.1 767.4 800.2
688.1 769.1 801.4
688.1 768.8 800.2
688.2 768.9 801.1
688.2 767.9 800.6
688.2 767.9 801.1
688.2 768 800
688.2 768.7 800.4
688.2 768.2 800.1
688.3 767.4 801.8
688.3 768.4 801.7
688.4 767.9 800.2
688.4 768.5 800.6
688.4 769.1 801.7
688.5 767.4 800
688.5 767.4 801.1
688.6 768.4 800.7
688.6 767.7 799.8
688.6 768.3 800.7
688.7 767.9 800.8
688.7 768.5 800.9
688.7 767.4 801
688.8 768.4 801
688.8 768 800.3
688.9 767.8 801.4
688.9 767.5 801.2
692.9 290.9 498.1
693 289.9 497.6
693.1 290.2 498.6
693.1 290 498.8
693.2 290.7 498.5
693.3 291.1 498.5
693.4 290.3 497.7
693.4 290.2 499.4
693.4 290.6 497.5
693.4 289.7 498.9
693.5 290.8 498.9
693.6 290.5 498.6
693.6 290.8 498.1
693.6 290.5 498.3
693.6 290.5 499.1
693.6 290.7 499.3
693.7 291 497.5
693.7 290.4 497.8
693.7 290.2 497.8
693.7 289.4 498.7
693.8 290.8 497.5
693.8 289.7 499
693.9 291 498.8
693.9 289.6 497.6
694 291 498.3
694 289.4 497.7
694.1 290.5 499.1
694.1 290.1 499.2
694.2 291 498.1
694.2 290.5 498.4
694.3 290.9 498.3
694.4 289.8 497.8
694.4 289.7 499
694.4 291.1 498.9
694.5 289.8 498.7
694.5 290.2 498.9
694.5 289.9 497.5
694.5 290.3 498.9
694.5 289.4 498.4
694.6 289.8 497.5
694.6 291 498.6
694.7 290.4 498.8
694.7 289.9 497.6
694.8 291 499
694.8 289.9 498.4
694.8 290.9 498.1
694.8 291.1 499.1
694.8 289.4 497.5
694.8 290.6 498.4
694.9 289.7 497.5
695.2 943.5 957
695.2 943.2 955.8
695.2 944.1 957.6
695.2 943.6 957.2
695.3 943.1 957
695.3 943.6 956.8
695.3 944.5 957.2
695.4 943.9 956.3
695.4 943.8 956.5
695.4 944.3 957.1
695.5 944.2 957.6
695.5 944 957.6
695.5 944.3 957.2
695.6 943.4 956.3
695.7 944.2 956.1
695.7 943.1 956.7
695.8 943.2 957.5
695.8 943.9 957.7
695.8 943.7 956.9
695.9 943.3 955.8
695.9 944 956.8
696 945 956.9
696 943.9 956.4
696 945 956.4
696.1 944.8 956.6
696.1 944 956
696.2 944.9 956.1
696.2 943.9 957.2
696.2 943 957.4
696.2 943.2 956.2
696.2 943.4 957.1
696.3 943.6 957.5
696.4 943.1 957.7
696.4 944.9 957.1
696.4 943.5 957.4
696.4 944.7 957.3
696.4 943.9 957.1
696.4 943.6 957.4
696.7 944 956.6
696.7 943.9 957.2
696.7 944.9 956.5
696.8 943.7 956.8
696.9 943.5 955.9
696.9 943.3 956.1
697 944 957
697 944 956.5
697 944.9 955.7
697 944 956.3
697 944.8 956.6
697 944.4 956
700 929.9 207.5
700 929.3 206.9
700 928.8 207.4
700.1 928.2 207.7
700.1 928.9 207.1
700.1 928.8 206.9
700.4 928.7 207.5
700.4 928.7 207.6
700.4 930.1 207.2
700.5 928.3 208.5
700.5 929.1 206.8
700.5 929.5 208.5
700.6 929.1 208
700.6 928.6 207.9
700.7 929.4 207.2
700.7 928.8 207.4
700.7 928.2 208
700.8 929.5 206.9
700.8 928.3 207.7
700.8 929.2 207.3
700.9 929.8 207.9
700.9 928.5 208.4
701 929.7 207.7
701 928.3 208.3
701.1 929 207.1
701.1 929.4 207.6
701.1 929.1 208.4
701.2 929.1 208.3
701.2 929.1 208.2
701.3 929.1 206.8
701.3 929.9 207.1
701.4 929.7 208.3
701.4 929.6 208.5
701.4 929.8 207.3
701.4 928.6 208
701.4 929.1 208.5
701.5 928.3 206.9
701.6 930.1 207.9
701.6 928.8 206.9
701.6 928.4 207.2
701.6 928.7 207.5
701.7 928.2 207.5
701.7 929.7 207.7
701.7 928.8 207.9
701.7 929.8 207.1
701.7 930 207.1
701.9 929.4 207.7
701.9 929 206.7
701.9 929.5 206.8
715.5 754.5 884.3
715.5 753.4 884.6
715.5 753.1 884.1
715.5 754.2 883.9
715.5 753.4 884.9
715.6 754.1 884.4
715.6 753.9 885.2
715.6 753.1 885.3
715.6 753.3 883.9
715.6 754.1 884.7
715.6 753.2 885.1
715.6 754.2 883.9
715.7 753.9 884.7
715.7 753.5 885.5
715.7 754 884
715.8 753 885
715.8 754.4 884.3
715.8 753.2 884.2
715.8 752.8 884.4
715.8 753.8 885.4
716 754.3 884.4
716 754.2 883.9
716 752.9 885.5
716.2 753.2 884.9
716.2 752.9 884.6
716.3 753.7 884.5
716.3 753 885
716.3 753.8 884
716.3 754.4 885
716.4 753.3 884.6
716.4 754.4 885.1
716.5 753.9 883.8
716.5 753 885.1
716.7 754.2 884.7
716.8 752.8 884.8
716.8 753.8 884
716.8 752.8 883.9
716.9 753.9 885
716.9 754.3 885.2
716.9 753.8 884.5
717 753 883.8
717 753.7 883.8
717 753.1 884.1
717 754.3 884.6
717.2 753.1 884.9
717.3 753.2 885
717.3 753 883.8
717.3 754 884.8
717.3 753.8 884.7
717.4 753.7 884.4
727.7 166.1 990.5
727.8 166.7 988.9
727.8 166.4 989
727.9 166.3 989.1
727.9 166.7 989.7
727.9 165.7 989.5
728 165.4 989
728 166.1 989.5
728 165.2 990.8
728.1 166.5 989.3
728.1 166 989.4
728.1 166.1 990.8
728.1 165 989.3
728.2 166.2 989.3
728.2 165.2 990.2
728.3 165.4 990.2
728.3 166 989.3
728.3 165.1 990.8
728.4 166.2 989.8
728.4 165.4 989.4
728.4 165.4 989.3
728.5 165.7 989.1
728.5 165.2 989
728.5 166.1 990.8
728.6 166.7 990.3
728.6 165.6 990.8
728.7 166.5 989.4
728.7 165.3 989.5
728.8 166.5 989.4
728.9 166.1 989.6
729 166 990.9
729.1 166 990.9
729.1 166.1 988.9
729.2 166.5 990.3
729.2 166.6 989.1
729.2 166.8 990.2
729.2 166.5 989.9
729.4 166 989.1
729.4 165.5 990
729.5 165.6 989.6
729.5 165.1 989.2
729.5 165.3 990.5
729.5 165.9 990.4
729.5 166 990.6
729.6 166.4 989.3
729.6 166.8 989.3
729.6 165.6 990.9
729.6 165.9 990.1
729.7 165 990.3
729.7 165 989
739.1 171 647.3
739.2 170.7 647.8
739.2 171.4 648
739.2 170.9 646.2
739.2 169.7 647.6
739.2 170.5 647.6
739.3 170.7 647.8
739.3 169.9 647.5
739.4 170.2 647.4
739.4 171 646.6
739.4 170.9 647.5
739.5 171.1 648
739.5 170.5 647.8
739.5 170.4 646.4
739.5 169.9 647.6
739.6 171.2 646.9
739.6 170.8 647.7
739.7 171.6 646.4
739.7 170.9 647.2
739.8 170 646.9
739.8 171 647.2
739.8 170.4 646.1
739.8 171.3 646.5
739.8 169.9 646.8
739.9 170.5 646.3
739.9 171.6 647.3
739.9 171.4 647.2
739.9 170.4 646.8
740.1 171.1 647.8
740.1 170.6 646.6
740.3 170.5 646.7
740.3 171.4 646.1
740.4 171.6 648.1
740.5 171.5 646.3
740.5 171.3 646.3
740.5 171.1 646.8
740.5 171.6 647.3
740.6 170.8 647.4
740.7 169.8 647.1
740.7 170.7 647.5
740.7 169.9 646.7
740.7 169.7 646.4
740.8 170.4 647.3
740.8 169.7 647
740.9 171.3 646.9
740.9 169.9 647.8
740.9 171.4 646.6
740.9 170.8 647.3
740.9 170.2 647.4
740.9 170.3 646.4
750.9 766.6 174.6
750.9 766.3 175.6
750.9 765.2 175.2
750.9 765.7 174.6
750.9 765.4 175.7
751 765.8 173.9
751 766.5 174.1
751 766.9 174.3
751 766.2 174.2
751.1 766.3 174.9
751.1 765.4 174.9
751.1 766.6 173.8
751.1 766.5 175.8
751.2 765.3 175.3
751.2 765.7 175.3
751.2 766.8 174.4
751.3 766.2 174.4
751.4 766.4 174
751.4 765.4 175.5
751.4 766.4 174.7
751.5 766.4 173.8
751.5 765.9 175.4
751.5 765.2 175.6
751.5 766.3 175.6
751.5 767 174
751.6 765.8 174.9
751.6 766.1 175.5
751.6 766.9 174.3
751.7 765.9 175.7
751.7 766.9 174.9
751.8 766.4 175.3
751.9 766.3 174.8
751.9 765.4 175.4
752 765.5 174.8
752 765.2 175.1
752 765 173.8
752.1 766.5 175.2
752.1 765 174.3
752.1 766.8 173.8
752.2 766 174.8
752.2 766.9 174.1
752.2 765.2 174.6
752.3 766.5 175.3
752.3 766.9 175.2
752.4 765.4 175.6
752.5 765 175.3
752.5 766.7 174.6
752.6 765.9 174.1
752.6 765.8 174.4
752.7 765 175.4
767.7 42.6 728.9
767.7 43 729
767.7 42.5 727.3
767.7 43.2 728
767.8 43.2 727.8
767.9 41.9 728.6
767.9 43.4 727.8
768 41.7 728.4
768 42.3 727.4
768 42.8 729.2
768.1 41.7 729
768.1 42.4 728.9
768.2 43.4 728
768.2 42.7 728
768.2 41.8 727.5
768.3 42.1 727.4
768.5 43 728.9
768.5 42 727.5
768.5 43.4 728.9
768.7 43.2 728.6
768.7 42.5 729.1
768.7 42.3 728.3
768.8 42.3 728.5
768.8 42.3 728.4
768.8 42.6 727.9
768.9 42.9 728.8
769 41.8 728
769 42.9 727.4
769 43.1 727.6
769.1 41.7 728.6
769.2 41.8 728.5
769.2 42.8 728.5
769.2 41.8 727.4
769.2 42.7 727.4
769.2 42.1 727.3
769.2 42.8 728.3
769.2 42.7 728.2
769.3 43.2 727.4
769.3 41.9 727.6
769.4 42.8 728.9
769.4 42 728.6
769.4 42 727.8
769.4 43.5 727.6
769.5 43.2 729.1
769.5 43.1 729.2
769.5 43 728.9
769.6 42.2 727.8
769.7 42.9 729
769.7 41.7 727.5
772.9 596.1 64.1
772.9 595.4 64.7
772.9 596 64.3
773 595.2 64.4
773 597 63.7
773 596.2 63.5
773.2 595.6 65.2
773.2 595.7 64.3
773.2 595.2 63.8
773.2 596 64.7
773.3 595.3 64.9
773.4 595.4 64.1
773.4 596.6 63.9
773.4 597 65.2
773.4 595.4 64.8
773.5 596.4 63.4
773.5 596.7 65.2
773.5 595.7 65.1
773.5 595.4 64.1
773.5 597 64.5
773.7 596.7 64.9
773.8 595.4 64.9
773.8 595.8 64.3
773.8 595.6 65.2
773.8 596.5 63.4
773.9 595.2 64.8
773.9 595.4 65.2
773.9 595 63.4
774 596.4 65.3
774 595 64.4
774 596.8 64
774 596.5 63.7
774.2 596.6 63.5
774.2 596.2 64.7
774.2 596.6 64.2
774.2 595.7 65
774.2 595.3 65
774.2 596.9 65.3
774.2 595.7 64.8
774.3 595.9 63.5
774.3 596.8 64.9
774.3 596 64.3
774.4 595.2 65
774.5 595.2 64.1
774.6 595.5 64.4
774.7 595.6 65
774.7 595.3 64.6
774.7 595.7 65
774.7 596.8 64.5
774.8 596.4 64.1
775.8 975.4 594.8
775.8 976 595.8
775.9 975.5 594.6
775.9 975 596.3
776 975.6 594.9
776 974.3 595.6
776.1 976.1 595.1
776.1 974.5 594.7
776.2 975 595.2
776.2 975.3 594.6
776.3 975.8 595.4
776.3 975.3 596.4
776.3 975.1 596.1
776.4 975.3 594.8
776.4 975.3 595.5
776.4 974.6 596.4
776.5 974.8 594.9
776.5 974.8 595.5
776.5 974.2 596
776.5 975.1 595.8
776.6 974.6 596
776.6 974.3 594.8
776.7 975.2 595.2
776.7 975.6 594.7
776.8 975 595.3
776.8 974.7 596.2
776.9 975.6 594.8
776.9 974.9 595.5
776.9 975.9 596.4
776.9 976 595.4
777 974.2 595.2
777 974.6 595.9
777 974.3 594.6
777.1 974.9 595.2
777.1 976 596.3
777.1 975.5 596.2
777.1 974.6 594.7
777.2 975.6 596.4
777.2 974.3 596.4
777.2 975.2 596.4
777.2 975.2 594.7
777.3 974.3 596.1
777.3 974.4 595.5
777.4 974.9 595.2
777.4 974.6 595.3
777.5 975.3 596
777.5 974.5 596
777.6 974.6 594.9
777.7 975.3 594.9
797.4 275.4 567.9
797.4 275.5 567.6
797.5 274.6 566.1
797.5 275.4 566.9
797.6 274 567.1
797.7 275.3 567.3
797.7 274.3 566.8
797.7 274.4 566.6
797.7 274.7 567.2
797.7 274.3 567.5
797.8 275.3 567.2
797.8 275.5 566.5
797.9 274.3 566.9
797.9 275.8 566.9
797.9 275.2 567.2
798 274.8 567.3
798 274.6 566.7
798 275.6 566.5
798 274.7 568
798 275.3 567.2
798.1 275.7 567.7
798.1 274.3 566.2
798.2 275.4 567
798.3 273.9 566.8
798.3 274.8 568
798.3 275.8 566.7
798.4 275.5 566.9
798.4 274.4 566.5
798.4 274.2 567.5
798.4 274.4 566.4
798.4 274.1 566.9
798.5 275.4 566.7
798.5 275.3 567.6
798.5 275.7 567.6
798.5 274.5 567.1
798.6 275.8 566.5
798.6 275.1 567.8
798.6 274.3 567.1
798.7 274.2 567.7
798.7 275.3 566.7
798.7 275.2 566.7
798.8 275 566.7
799 274.2 567.4
799.1 275.1 567.4
799.1 274 567.2
799.1 275.4 567.2
799.1 275.6 568
799.1 275.7 567.5
799.1 274.3 567.3
799.3 274.5 567.6
800.1 537.8 606.1
800.2 537.7 606.1
800.2 538.1 606.6
800.2 536.1 607.3
800.2 536.4 606.3
800.2 536.3 607.2
800.3 536.3 607.1
800.3 537.5 606.4
800.3 537.6 606
800.3 538 606
800.3 536.2 606.8
800.3 537.6 607.1
800.4 537.6 606.6
800.5 537.3 605.9
800.6 537.9 607.3
800.6 536.9 606.1
800.6 536.7 605.5
800.6 536.2 605.5
800.6 536.1 607
800.7 537 606.6
800.9 537.5 606.8
801 536.3 605.5
801 536.1 606.9
801 536.1 606.2
801 537.5 606.3
801 536.2 606.1
801.1 536.6 606.3
801.1 536.7 606.7
801.2 536.3 606.6
801.2 537.1 607.1
801.2 537.5 606.1
801.2 537.8 606.5
801.2 536.1 606
801.3 537.8 606
801.3 537.1 605.7
801.3 536.6 607.3
801.3 537.7 606.7
801.3 537.7 605.7
801.4 536.6 607.3
801.4 536.8 607.2
801.6 536.8 606.9
801.7 537.1 606.1
801.8 537.4 605.7
801.9 536.8 606.3
801.9 536.5 606.5
801.9 537.9 606.6
802 537.9 607.3
802 536.9 606.8
802 537.3 607.1
802 537.5 607.3
805.3 951.7 181.2
805.3 952.1 181.5
805.3 952.3 182.3
805.3 951.7 182.5
805.3 950.7 181.1
805.3 951.5 181.3
805.4 951.3 181
805.4 951.7 182.6
805.4 951.1 180.9
805.4 951.2 181.4
805.4 952.1 181.1
805.5 951.5 181.9
805.6 950.7 180.9
805.6 951.7 181.5
805.6 952.5 181.1
805.6 952 182.8
805.7 951 181.9
805.7 952.3 182.1
805.7 951.2 182.6
805.8 952.3 182.6
805.9 950.9 181.3
805.9 952.6 181.3
806 950.8 182.8
806 952.3 182.8
806 951 182.7
806 951 181.5
806.1 952.6 181.6
806.1 951.4 181.6
806.2 952.6 180.9
806.2 952.2 182.5
806.4 951 181.8
806.4 951.2 181.7
806.5 951.8 182
806.6 952 182.6
806.6 951.4 182.5
806.7 951.5 181.2
806.7 951 181.2
806.8 952.3 181.9
806.8 951.3 181.3
806.8 951.7 181.8
806.9 952.1 181.2
806.9 951.3 181.8
806.9 950.8 182.4
807 951.3 181.6
807 951.9 181.7
807 950.7 181.2
807 951.5 182.5
807.1 952.1 182.2
807.1 950.6 181.8
807.1 951.6 181.2
809.1 666.3 604.7
809.3 665.1 604.1
809.3 664.9 603.7
809.3 666.4 604.4
809.3 665.9 605
809.3 666.2 605.2
809.3 665.2 604.6
809.4 666.5 604.4
809.4 666 605
809.4 665.5 605.5
809.4 664.8 604.9
809.4 664.8 605.7
809.5 665.8 604.2
809.5 666.5 605.4
809.5 666.5 605.6
809.5 665.2 605.6
809.6 666.1 604.9
809.6 666.2 605.6
809.6 665.3 605.4
809.7 665.6 604.6
809.7 664.7 604
809.7 665.9 604
809.8 666.6 605.1
809.8 665.7 604.3
809.8 665.1 603.8
809.9 665.8 604.7
809.9 665.3 604.8
810 665.4 605
810 666.5 605.6
810 666.2 605.5
810.1 665.2 605.3
810.1 665.7 604.9
810.1 666.3 604.8
810.2 664.6 604.6
810.2 665.3 605.1
810.2 665.1 604.6
810.3 665.1 604.6
810.4 665.5 604.5
810.5 665.9 604.5
810.5 665.6 604.8
810.6 666.1 604.3
810.7 664.9 604.6
810.7 665.5 605.5
810.8 665.6 604.7
810.8 666.3 603.8
810.8 665.1 604.6
810.9 666.4 603.8
810.9 665.3 603.9
811 666.2 604.1
811.1 666.2 604.3
810.2 726 233.6
810.2 726.8 233.7
810.3 726.3 234.4
810.4 725.6 233.1
810.4 727.3 233.6
810.5 725.6 233.2
810.5 726.1 233.8
810.6 727 233.7
810.7 726.4 234.6
810.7 726.2 233.9
810.7 727 233.6
810.8 726.7 234.4
810.8 726.5 234.4
810.9 726.9 234.5
811 726.8 233
811.1 725.8 234.1
811.1 726.9 234.9
811.1 726.4 234.9
811.1 725.7 233.5
811.2 726.9 234.9
811.2 725.4 234.6
811.3 725.9 233.5
811.3 726.9 235
811.3 727.3 233.8
811.4 727.2 234.8
811.4 725.9 234.9
811.4 725.5 234.7
811.5 726.7 233.9
811.5 727.2 233.2
811.5 727 234.6
811.5 726.8 234.2
811.6 726.4 233.7
811.6 726.4 233.2
811.7 727.3 234.7
811.7 725.8 235
811.7 725.5 234.2
811.7 727.3 234.4
811.8 726 235
811.8 726.7 234.5
811.8 725.9 233.3
811.8 727.2 234
811.8 726.1 234.6
811.9 726.2 233.4
812 726.6 233.9
812 726.2 234.7
812 725.7 234.1
812 726.1 234.3
812.1 726.2 233.7
812.1 727.3 234.2
812.1 726.9 234.6
810.9 185 549.9
811 185.3 550.1
811 183.9 550.8
811.1 185.2 550
811.1 184.2 549.3
811.2 184.7 549.9
811.3 184.8 549.3
811.3 183.6 549.7
811.3 184.2 550.3
811.4 184.1 549.7
811.5 184 549.6
811.5 185 550.9
811.6 184.5 549.9
811.7 184.9 549.2
811.7 183.8 550.9
811.7 184.3 550.6
811.7 184.8 550.8
811.7 185 550.4
811.8 183.4 549.6
811.8 184.9 550.3
811.8 184.9 549.4
811.8 184.9 549.6
811.8 184.7 550.6
811.9 184.2 549.5
811.9 183.9 549
812 184.4 549.3
812.1 185 549.2
812.1 184.3 550.7
812.2 184.6 550.9
812.2 184.5 550.3
812.3 185.1 550.7
812.4 183.7 550.7
812.4 184.9 549.9
812.5 184.4 550.2
812.5 183.7 550.6
812.5 184.8 550.5
812.6 184.5 549.7
812.6 183.4 550.3
812.6 183.8 549.6
812.6 184.9 549.4
812.7 184.7 550.9
812.7 184.3 549.8
812.7 184.3 549.3
812.7 184.7 549.1
812.8 184.2 550.2
812.8 184.7 550.4
812.8 184.8 549.6
812.8 184.7 550.4
812.8 184.6 549.6
812.9 183.5 551
823.2 25.9 214.2
823.2 25.2 214.9
823.2 25.6 214.9
823.3 26.8 213.7
823.3 25.1 214.9
823.4 25.9 214.5
823.4 25.6 214.9
823.4 26.9 214.1
823.5 26 214.1
823.5 25.7 215.1
823.6 25.4 215.2
823.6 26.5 215.4
823.6 25.3 215.1
823.7 25.6 214.2
823.7 26.7 214.4
823.7 25 215.3
823.8 25 214.1
823.8 25.5 213.8
823.8 25.1 214.1
823.9 26.6 214.5
823.9 26 215
823.9 26.8 213.7
823.9 26.2 214.1
823.9 26.8 214.2
824 25.2 213.5
824 26 214.1
824.1 26.2 213.5
824.2 25 213.5
824.3 26.1 214.9
824.3 25.6 213.5
824.3 26.4 215.3
824.3 25.2 215.1
824.4 25.3 215.1
824.4 26.4 215.1
824.5 26.3 213.7
824.5 25.3 213.6
824.6 26.3 215.2
824.6 26.7 215
824.7 26.7 215.1
824.7 25 214.6
824.7 25.4 215.4
824.8 26.9 214.4
824.8 25.2 214.1
824.9 26.9 214.1
824.9 25.7 215.1
824.9 25.9 214.7
824.9 26.2 214.7
825.1 26.6 213.6
825.1 26.1 214.3
825.1 26.8 213.6
847.1 234.5 607.4
847.2 234.6 606.5
847.2 235.2 606.8
847.2 233.5 606.5
847.2 235 607.1
847.2 233.5 607.4
847.2 233.8 605.5
847.3 233.5 606.9
847.3 233.9 606.5
847.4 234.1 606.3
847.4 234.8 605.7
847.4 234.4 607.4
847.5 234.4 605.7
847.5 233.6 607.4
847.6 233.8 605.9
847.6 233.4 606
847.6 235.2 606.6
847.6 233.8 606.3
847.6 233.8 607
847.7 234.3 605.8
847.8 233.4 606.5
847.8 233.9 606.3
847.9 235 606.5
847.9 235.2 606.5
847.9 234.5 606.5
848 234.3 606
848.1 233.6 606.6
848.1 234.3 607.1
848.1 234.3 606.2
848.1 233.8 605.9
848.2 234.9 607.4
848.2 234.3 606.8
848.2 233.8 606
848.2 233.8 606.5
848.3 233.6 606.2
848.3 233.4 607.3
848.4 234.5 606.2
848.5 234.4 605.6
848.6 234.4 605.6
848.6 234.1 607.1
848.6 234 606
848.7 234.6 606
848.7 233.7 605.7
848.7 234.3 606.8
848.8 233.8 606.3
848.9 234.3 605.9
849 235.2 606.9
849 234.6 606.4
849 235.1 605.9
849.1 234 607.1
862.9 373.4 279.3
862.9 373.2 279.4
862.9 372.5 278.2
863 372.2 277.8
863 372.9 278.1
863 372.7 278.1
863 373.7 278.8
863 372.3 278.5
863.1 372.7 277.6
863.2 373.8 277.7
863.2 372.9 279.1
863.2 372.6 278.9
863.3 373.8 279.1
863.3 373.8 278.1
863.4 373.9 278.5
863.5 373.6 277.6
863.6 373.9 279.1
863.6 373.7 279
863.7 373.1 278.8
863.8 372.5 278
863.8 373.5 279.1
863.8 372.5 279.3
863.8 373.6 278.7
863.8 372.6 277.9
863.8 372.5 278.5
863.9 373.9 278
864 373.7 278.7
864 373.9 278
864 373.2 279.3
864.2 373.4 278.9
864.2 372.6 279.2
864.3 372.2 278.9
864.3 372.7 279.1
864.4 373.7 277.5
864.4 372.6 277.6
864.4 372.3 278.5
864.4 372.2 279.4
864.4 372.5 278.6
864.4 373.9 279.3
864.5 372.6 277.8
864.5 372.1 279.3
864.7 372.9 278.6
864.7 373.8 277.9
864.7 373.2 278.5
864.7 372.7 278.3
864.7 372.2 277.6
864.7 372.9 278.5
864.7 373.8 277.8
864.8 373.4 278.7
864.9 372.3 277.4
876 225.2 295.3
876 225.7 295.3
876.1 224.5 296.3
876.1 224.5 295.3
876.1 225.2 296.2
876.1 224.3 296.2
876.2 225.3 295.8
876.2 225.3 295.6
876.2 225.6 296.6
876.2 224.7 296.8
876.3 225.2 295.8
876.4 225.1 296.9
876.5 225 295.8
876.5 224.2 296.2
876.5 224.2 295.4
876.6 225 296.6
876.6 225.7 295.4
876.6 225.3 295.9
876.6 225.3 295.5
876.7 224 296.7
876.8 224.3 295.8
876.8 225 295.2
876.9 224.1 295.1
876.9 223.9 295.5
876.9 224.2 296.4
876.9 224.1 295.4
877 225.1 296.7
877.2 224.1 296.9
877.3 224 296.4
877.4 225.3 295.5
877.4 225.4 295.9
877.4 225.7 295.4
877.5 224.1 295.6
877.5 225.4 295.2
877.5 224.6 296.2
877.5 225.7 296.6
877.6 224.9 296.7
877.6 224.6 295.6
877.6 223.9 295.3
877.6 224 295.6
877.6 224.2 296.6
877.7 224.3 295.6
877.7 224.2 296.4
877.7 225.6 295.3
877.8 224.8 295.8
877.8 224.9 295.9
877.8 224.7 296.8
877.8 224.6 295.9
877.9 224.7 296.4
877.9 224.1 296.5
886.6 170.3 799.2
886.8 170.9 797.9
886.8 171 799.1
886.8 171.1 798.4
886.8 170.3 797.8
886.8 171.6 798
886.9 171.5 798.1
887 171.3 798.1
887 170.4 798.1
887.1 171.9 798.5
887.2 170 797.6
887.2 170.2 798.8
887.3 171.3 797.8
887.3 171.8 799.4
887.3 171.4 797.9
887.3 171.5 798
887.4 171.6 798.2
887.5 170.1 798.5
887.5 172 799.4
887.6 170.3 798.3
887.6 171.7 799.3
887.6 170.6 798.9
887.7 170.3 798.1
887.7 170.5 797.7
887.7 171.3 797.7
887.7 171.5 798.1
887.7 170.1 797.7
887.9 171 798.1
887.9 171.9 798.5
888 171.9 798.1
888 170.5 798.6
888 171.4 797.9
888 171.5 799.4
888 170.5 799.3
888.1 171 798.8
888.1 170.4 798.4
888.2 170.7 797.7
888.2 171.3 799.6
888.2 171.3 798.5
888.2 170.7 798.6
888.2 171.1 797.7
888.3 170.8 798.2
888.3 171.4 799.3
888.3 171 797.7
888.3 170.1 799.5
888.4 171.7 797.6
888.4 170.8 798.6
888.4 170.2 799.4
888.5 171.7 798.8
888.6 171.1 797.6
902.1 598 567.7
902.2 597.3 566.2
902.2 597.2 568
902.2 596.9 567.9
902.3 596.8 566.2
902.3 596.9 567.2
902.3 596.4 568
902.4 597.8 568
902.5 598 566.4
902.5 597.3 566.5
902.5 597.4 566.7
902.5 597 566.8
902.6 596.5 567
902.7 597.3 567.4
902.8 596.1 567.5
902.8 597.3 567.4
902.8 597.6 567.1
903 597.1 567
903 596.4 566.4
903 596.7 567.3
903 598 566.7
903.1 598 568.1
903.1 597.6 566.4
903.1 596.4 566.3
903.1 596.8 568
903.2 597.3 567.8
903.3 597.3 567.9
903.4 596.9 566.7
903.5 596.9 567
903.5 597.1 566.6
903.5 597 568.1
903.5 596.4 568
903.6 597.3 566.5
903.6 596.4 567.1
903.6 598 567.2
903.6 596.6 566.2
903.6 597.7 567.6
903.7 596.9 568.1
903.7 597.9 568
903.8 597 566.4
903.8 597.5 567.2
903.8 596.6 566.7
903.9 596.6 567
903.9 596.3 566.3
904 596.7 567.1
904 597.6 568.1
904 597.7 567.9
904.1 597.2 566.9
904.9 623.7 981.5
904.9 623.7 981.8
904.9 623.7 983.1
905 623.8 982.2
905 623.5 982.9
905 623.8 982.4
905 622.9 982.6
905.1 623.8 982.6
905.1 623.2 983.2
905.1 622.8 982.1
905.1 623.4 982.4
905.2 622.6 981.6
905.2 622.7 982.2
905.3 623.6 982.5
905.3 623 981.2
905.4 623.4 982.3
905.4 622.2 982.6
905.4 623.5 981.2
905.4 623.7 981.4
905.5 622 982.3
905.6 622 982.3
905.6 622.8 982.6
905.6 622.2 981.5
905.7 622.5 981.4
905.8 622.9 982.3
905.8 623.2 982.6
905.9 622.3 981.7
905.9 623.1 982.6
905.9 623.2 982.7
905.9 622.8 981.7
906 622.8 982.4
906 622.1 982.3
906.1 623.4 982.4
906.1 623 982.4
906.2 623.5 981.9
906.2 621.9 982.5
906.2 623.2 982
906.3 622.7 982.5
906.3 623.3 983
906.4 622.8 983.1
906.5 622.3 982.6
906.6 622.9 983.1
906.6 622.2 981.9
906.6 623.4 982.5
906.6 623.7 982
906.6 623.7 982.1
906.7 623 981.8
906.8 622.9 981.5
906.8 623 982.8
906.9 622.5 982.9
916.5 311.5 778.6
916.6 312.4 779.2
916.6 312.5 778.5
916.7 312.7 778.6
916.7 311.7 779.4
916.7 312.6 778.9
916.7 311.1 778.6
916.7 312.5 778.8
916.8 312.6 777.8
916.8 311.2 778.5
916.8 312.2 779.7
916.9 311.4 779.4
916.9 311.5 777.8
916.9 311.9 779.6
916.9 312.2 778.7
917 311.2 779.1
917 312.1 778.9
917.1 311.1 778.6
917.2 312.5 778.3
917.3 311.3 779.4
917.3 312.6 777.8
917.4 311.7 779.7
917.5 312.4 779.3
917.6 312.1 779.6
917.7 311.7 777.8
917.7 312.6 778.1
917.7 312 778.3
917.7 312.1 777.8
917.8 311.7 779.6
917.8 312.1 777.9
917.8 311.2 779.2
917.9 311 777.8
917.9 312.4 778.9
918 311.7 778.3
918 311.2 778.2
918 312 779.5
918 311.7 779.6
918 312.5 778
918.1 311.5 778.3
918.1 312 779.5
918.1 311.7 778
918.2 310.9 779
918.3 311.6 778.4
918.3 312.4 779.4
918.3 312.6 778.8
918.3 312.6 778.7
918.3 311.3 778.1
918.3 311.1 778.8
918.4 311.8 777.7
918.4 311.5 777.8
920.7 650.3 386.1
920.7 650.8 385.2
920.7 649.1 385.3
920.7 650 385.7
920.8 649.9 385.5
920.8 648.9 384.8
920.8 649.6 384.7
920.8 649.4 385.5
920.8 650.2 384.4
920.8 650.6 385.7
920.9 650 384.5
920.9 648.9 385.3
921 650.3 384.5
921.1 649.7 385.4
921.1 650.5 386.3
921.2 649.4 386
921.2 649.5 386.3
921.2 650.3 385.5
921.3 649.2 385.6
921.5 649.8 386.3
921.6 649.2 384.6
921.6 649.3 385.9
921.6 649 385.6
921.6 650.7 385.4
921.8 650.3 384.9
921.8 649.7 384.3
921.8 649.2 384.4
921.8 649.2 386
922 650.3 385.8
922 650 385.4
922 649.1 384.4
922.1 649.8 385.9
922.1 649.5 385.3
922.1 650.8 385.6
922.1 650.7 385
922.2 649.9 384.5
922.2 650.5 385.6
922.2 649.1 384.4
922.2 649.8 384.7
922.3 650.7 385.3
922.3 650.3 385.9
922.3 649 385.8
922.3 649.9 386.1
922.4 649.2 386.1
922.4 650.1 385.2
922.5 649.3 386.2
922.5 649.5 385
922.5 649.5 384.7
922.6 649.6 385
936.1 227.5 498.4
936.1 227 497.8
936.2 227 498.4
936.2 226.9 496.8
936.2 228.8 497.7
936.3 227.2 497.5
936.3 227 498.5
936.3 226.9 497.9
936.3 228.3 497.9
936.3 228.7 498.1
936.4 227.8 497.2
936.4 226.9 498.4
936.4 227 498
936.7 228.3 497.6
936.7 227.5 496.6
936.9 227.2 497.2
936.9 228.1 497.3
936.9 228.7 498.4
936.9 227.3 497.6
937 228.1 496.5
937 228 497.6
937 228.4 497.6
937 228.6 496.7
937.1 228.5 497.8
937.2 227 497.2
937.2 227.8 497.9
937.2 228.6 497.2
937.3 227.2 498.3
937.4 228.3 497.5
937.4 228.6 496.5
937.4 228.1 496.7
937.5 228.4 496.9
937.5 227.8 497.4
937.5 227.3 497.7
937.5 228.8 497.2
937.6 228.1 497.5
937.6 228.7 497.8
937.6 227.4 498.2
937.7 227.1 497.7
937.7 227.3 496.6
937.7 227.1 496.7
937.7 227.8 497.3
937.8 227.9 497.4
937.9 228.5 497.5
937.9 227.4 497.6
938 227.7 497.1
938 227.6 497
938 227.8 496.7
938 228.2 497.5
938.1 228.8 497.9
941.5 135.8 135
941.5 134.2 133.4
941.5 134.9 133.9
941.5 134.5 133.7
941.6 135 133.7
941.6 135.5 134.7
941.7 134.8 134.6
941.8 134.5 133.7
941.8 135.8 134.6
941.8 134.4 134.9
941.8 135.8 134.2
941.8 134.4 134.7
941.9 134.9 135.3
941.9 134.6 134.9
942 135 135.1
942 134.2 133.6
942.1 135.7 134.7
942.1 135.6 133.8
942.2 135.5 133.9
942.3 134.4 134.7
942.3 134.7 134.3
942.3 135 134.5
942.4 135.5 134.4
942.4 135.2 133.9
942.4 134.6 134.6
942.5 135.4 133.5
942.5 134.3 133.7
942.5 135.1 134.7
942.5 133.9 134.1
942.6 135.1 135.1
942.6 135.1 134.8
942.6 134.8 134.1
942.6 134.2 134.8
942.7 134.3 134.3
942.7 134.4 134.9
942.9 134.7 133.4
942.9 134.8 133.9
942.9 135.1 135
943 135 134.8
943 135.3 133.8
943 134.7 133.5
943.1 135.4 134.2
943.1 135.4 135.1
943.2 135.6 135.3
943.2 135.1 133.8
943.2 134.2 135.3
943.3 135.2 134.4
943.3 135.5 133.7
943.4 134.3 135.1
943.4 135.2 134
961.7 411.5 291
961.7 411.8 291
961.8 412.3 292.3
961.8 413 291.1
961.9 412.7 290.4
961.9 412.5 290.9
961.9 413 290.9
961.9 411.4 292
961.9 411.3 291.8
962 412.8 290.9
962 411.6 292
962 412.4 291.9
962.1 412.2 290.5
962.1 411.2 291.1
962.1 413 290.7
962.1 412.2 290.7
962.1 412.7 290.4
962.1 411.5 291.7
962.1 412.3 291.5
962.2 411.6 291.9
962.3 411.7 291.5
962.3 412.1 291.3
962.3 412.6 292.1
962.5 411.8 291
962.6 412 291.7
962.6 412 291.9
962.6 411.3 291.3
962.6 412.8 291.9
962.7 412.7 292.1
962.7 412.9 291.1
962.8 411.2 290.9
962.8 412.2 292.2
962.8 412.6 291.4
962.9 411.3 292.2
962.9 411.6 290.9
962.9 412.1 291.9
963 411.2 292.3
963 411.9 290.9
963.1 413.1 291.2
963.1 412.4 290.7
963.2 411.7 291.4
963.2 413.1 291.7
963.3 412.1 291.4
963.4 411.3 292.3
963.4 412.3 290.6
963.4 412.2 291.4
963.5 413.1 290.5
963.5 412.8 291.8
963.5 411.7 290.9
963.5 412.9 290.9
977.1 7.1 146.7
977.2 7.3 146.6
977.3 5.9 145.3
977.3 7.7 147.2
977.4 7.7 146.8
977.4 5.8 146.4
977.4 7.2 146.1
977.5 7.2 146.4
977.5 6.3 146.3
977.6 6.6 147.2
977.7 7.4 146.1
977.7 6.5 145.4
977.8 6.4 145.9
977.8 6.9 145.9
977.8 7.3 145.6
977.8 6.3 146.9
977.9 6.6 145.5
977.9 6.3 146.2
977.9 6.3 145.5
977.9 6.7 145.9
978 7.7 146.4
978 6.4 146.7
978 6.7 146.3
978 6.9 145.8
978.1 5.9 145.7
978.1 6.8 146.1
978.1 6.3 146.7
978.1 5.8 147.1
978.1 6 146.5
978.1 6.1 147.2
978.2 7.4 145.7
978.3 6.4 146.5
978.3 7.6 147.3
978.3 7.3 145.5
978.3 7 147.2
978.3 6 147.1
978.4 7.5 146.5
978.5 7.5 146.2
978.5 7 146.2
978.5 7 146
978.6 6.9 145.4
978.6 6.4 147
978.7 6.8 145.5
978.7 6.4 146.6
978.7 6.3 147.3
978.8 7.4 146
978.8 7 147.1
978.9 6.9 146.3
979 6.7 146.6
979 6.4 147.3
981 67.9 314.8
981.1 66.8 314.5
981.2 68.3 315.2
981.3 68.5 315.3
981.3 66.7 314.1
981.4 67.1 314.4
981.5 68.3 314.5
981.5 67.6 314.9
981.6 68.5 314.9
981.6 67.1 313.8
981.6 67.7 314.5
981.6 66.6 315.4
981.7 67.4 315.6
981.7 67.4 315.5
981.8 68.5 314.2
981.8 68.2 314.2
981.8 67 314.2
981.8 66.6 314.2
981.8 66.8 315
981.9 68.2 314.2
981.9 67.9 315.4
981.9 67.7 314.3
982 68.4 315.5
982.1 67.2 313.9
982.1 66.8 315.4
982.2 67.7 314.7
982.2 66.7 315.5
982.2 66.7 314.4
982.2 67.8 315
982.2 68.1 313.6
982.3 68 314.5
982.3 67.6 313.8
982.3 67.6 314.2
982.4 67 313.6
982.5 66.8 315
982.5 68.1 314.1
982.6 68.3 314.7
982.6 67.4 314.3
982.6 67 313.8
982.7 67.2 315.2
982.7 67 313.8
982.8 68 315.2
982.8 68 314.9
982.8 67.5 313.9
982.8 67.3 313.9
982.8 67.6 315.4
982.9 68 315.3
982.9 67.1 314
982.9 67.9 314.6
